s 1 1
s 6 1
s 10 1
s 15 1
s 20 1
s 22 1
s 29 1
s 33 1
s 36 1
s 45 1
s 46 1
s 60 1
s 61 1
s 69 1
s 80 1
s 81 1
s 88 1
s 92 1
s 93 1
s 97 1
1 2 1
1 3 1
1 10 1
1 13 1
1 19 1
1 24 1
1 27 1
1 33 1
1 34 1
1 45 1
1 46 1
1 47 1
1 52 1
1 69 1
1 70 1
1 75 1
1 93 1
1 96 1
2 1 1
2 6 1
2 9 1
2 13 1
2 22 1
2 25 1
2 26 1
2 27 1
2 56 1
2 66 1
2 71 1
2 77 1
2 82 1
2 87 1
2 96 1
2 99 1
3 1 1
3 4 1
3 7 1
3 9 1
3 14 1
3 27 1
3 30 1
3 33 1
3 34 1
3 37 1
3 38 1
3 39 1
3 49 1
3 56 1
3 58 1
3 59 1
3 60 1
3 62 1
3 74 1
3 77 1
3 82 1
3 83 1
3 87 1
3 94 1
3 96 1
4 3 1
4 6 1
4 16 1
4 18 1
4 23 1
4 26 1
4 29 1
4 41 1
4 44 1
4 48 1
4 49 1
4 50 1
4 55 1
4 63 1
4 67 1
4 68 1
4 70 1
4 73 1
4 77 1
4 83 1
4 84 1
4 86 1
4 94 1
4 99 1
5 8 1
5 9 1
5 16 1
5 20 1
5 21 1
5 25 1
5 28 1
5 41 1
5 50 1
5 64 1
5 68 1
5 76 1
5 77 1
5 81 1
5 88 1
5 89 1
5 91 1
5 92 1
5 93 1
6 2 1
6 4 1
6 11 1
6 12 1
6 23 1
6 25 1
6 29 1
6 33 1
6 34 1
6 37 1
6 40 1
6 47 1
6 53 1
6 61 1
6 65 1
6 74 1
6 76 1
6 78 1
6 82 1
6 83 1
6 91 1
6 95 1
6 98 1
6 99 1
7 3 1
7 11 1
7 19 1
7 25 1
7 33 1
7 35 1
7 36 1
7 40 1
7 43 1
7 44 1
7 45 1
7 48 1
7 57 1
7 59 1
7 60 1
7 62 1
7 72 1
7 79 1
7 85 1
7 88 1
8 5 1
8 23 1
8 27 1
8 35 1
8 42 1
8 45 1
8 51 1
8 56 1
8 59 1
8 60 1
8 71 1
8 72 1
8 79 1
8 83 1
8 85 1
8 90 1
8 97 1
9 2 1
9 3 1
9 5 1
9 11 1
9 12 1
9 29 1
9 35 1
9 36 1
9 46 1
9 57 1
9 59 1
9 61 1
9 65 1
9 68 1
9 69 1
9 70 1
9 71 1
9 74 1
9 81 1
9 83 1
9 87 1
9 95 1
9 96 1
9 98 1
10 1 1
10 21 1
10 30 1
10 34 1
10 41 1
10 43 1
10 48 1
10 50 1
10 52 1
10 54 1
10 60 1
10 63 1
10 64 1
10 66 1
10 74 1
10 75 1
10 79 1
10 82 1
10 83 1
10 88 1
10 94 1
11 6 1
11 7 1
11 9 1
11 18 1
11 19 1
11 20 1
11 29 1
11 36 1
11 62 1
11 68 1
11 86 1
11 90 1
11 96 1
12 6 1
12 9 1
12 15 1
12 16 1
12 18 1
12 21 1
12 27 1
12 31 1
12 33 1
12 35 1
12 45 1
12 56 1
12 57 1
12 63 1
12 71 1
12 76 1
12 78 1
12 82 1
12 93 1
13 1 1
13 2 1
13 18 1
13 21 1
13 26 1
13 27 1
13 31 1
13 41 1
13 44 1
13 52 1
13 53 1
13 54 1
13 65 1
13 66 1
13 67 1
13 69 1
13 82 1
13 83 1
13 88 1
13 89 1
14 3 1
14 15 1
14 30 1
14 40 1
14 51 1
14 53 1
14 55 1
14 59 1
14 75 1
14 90 1
14 92 1
14 95 1
14 96 1
15 12 1
15 14 1
15 17 1
15 19 1
15 23 1
15 26 1
15 28 1
15 34 1
15 42 1
15 53 1
15 54 1
15 58 1
15 59 1
15 61 1
15 63 1
15 65 1
15 71 1
15 74 1
15 80 1
15 83 1
15 86 1
15 88 1
15 96 1
15 98 1
16 4 1
16 5 1
16 12 1
16 24 1
16 25 1
16 29 1
16 34 1
16 39 1
16 41 1
16 45 1
16 47 1
16 49 1
16 59 1
16 66 1
16 67 1
16 69 1
16 71 1
16 76 1
16 77 1
16 83 1
16 98 1
16 99 1
17 15 1
17 19 1
17 21 1
17 30 1
17 35 1
17 36 1
17 42 1
17 45 1
17 48 1
17 50 1
17 51 1
17 55 1
17 74 1
17 77 1
17 78 1
17 83 1
17 85 1
17 93 1
17 95 1
18 4 1
18 11 1
18 12 1
18 13 1
18 21 1
18 24 1
18 26 1
18 32 1
18 46 1
18 62 1
18 66 1
18 69 1
18 85 1
18 88 1
18 93 1
18 99 1
19 1 1
19 7 1
19 11 1
19 15 1
19 17 1
19 21 1
19 27 1
19 38 1
19 39 1
19 41 1
19 45 1
19 51 1
19 71 1
19 75 1
19 77 1
19 78 1
19 80 1
19 86 1
19 89 1
19 93 1
19 96 1
19 97 1
20 5 1
20 11 1
20 23 1
20 30 1
20 40 1
20 43 1
20 46 1
20 50 1
20 58 1
20 62 1
20 63 1
20 66 1
20 68 1
20 85 1
20 86 1
21 5 1
21 10 1
21 12 1
21 13 1
21 17 1
21 18 1
21 19 1
21 24 1
21 39 1
21 40 1
21 49 1
21 59 1
21 73 1
21 79 1
21 81 1
21 84 1
22 2 1
22 32 1
22 36 1
22 40 1
22 45 1
22 50 1
22 61 1
22 62 1
22 67 1
22 83 1
22 84 1
22 86 1
22 87 1
22 92 1
22 95 1
23 4 1
23 6 1
23 8 1
23 15 1
23 20 1
23 25 1
23 35 1
23 53 1
23 58 1
23 62 1
23 64 1
23 65 1
23 67 1
23 74 1
23 75 1
23 78 1
23 83 1
23 85 1
23 86 1
23 94 1
23 96 1
24 1 1
24 16 1
24 18 1
24 21 1
24 27 1
24 30 1
24 35 1
24 36 1
24 37 1
24 45 1
24 49 1
24 50 1
24 53 1
24 59 1
24 61 1
24 63 1
24 65 1
24 67 1
24 77 1
24 81 1
24 83 1
24 87 1
24 88 1
24 89 1
24 93 1
25 2 1
25 5 1
25 6 1
25 7 1
25 16 1
25 23 1
25 27 1
25 32 1
25 33 1
25 42 1
25 43 1
25 44 1
25 47 1
25 49 1
25 62 1
25 63 1
25 65 1
25 68 1
25 89 1
25 93 1
25 95 1
25 99 1
26 2 1
26 4 1
26 13 1
26 15 1
26 18 1
26 38 1
26 43 1
26 44 1
26 47 1
26 49 1
26 60 1
26 63 1
26 67 1
26 70 1
26 72 1
26 74 1
26 76 1
26 82 1
26 85 1
27 1 1
27 2 1
27 3 1
27 8 1
27 12 1
27 13 1
27 19 1
27 24 1
27 25 1
27 30 1
27 36 1
27 38 1
27 40 1
27 54 1
27 60 1
27 63 1
27 72 1
27 81 1
27 83 1
27 90 1
27 95 1
27 98 1
27 99 1
28 5 1
28 15 1
28 31 1
28 36 1
28 37 1
28 42 1
28 43 1
28 56 1
28 59 1
28 61 1
28 65 1
28 66 1
28 76 1
28 77 1
28 88 1
28 92 1
28 96 1
29 4 1
29 6 1
29 9 1
29 11 1
29 16 1
29 35 1
29 39 1
29 51 1
29 52 1
29 57 1
29 58 1
29 62 1
29 67 1
29 69 1
29 84 1
29 85 1
29 87 1
29 88 1
29 89 1
29 93 1
29 94 1
29 96 1
30 3 1
30 10 1
30 14 1
30 17 1
30 20 1
30 24 1
30 27 1
30 31 1
30 38 1
30 39 1
30 42 1
30 47 1
30 53 1
30 60 1
30 64 1
30 65 1
30 74 1
30 85 1
30 91 1
30 94 1
30 95 1
31 12 1
31 13 1
31 28 1
31 30 1
31 39 1
31 42 1
31 51 1
31 53 1
31 62 1
31 64 1
31 67 1
31 68 1
31 73 1
31 76 1
31 80 1
31 84 1
31 92 1
31 95 1
32 18 1
32 22 1
32 25 1
32 35 1
32 36 1
32 41 1
32 44 1
32 51 1
32 57 1
32 63 1
32 73 1
32 77 1
32 79 1
32 84 1
32 85 1
33 1 1
33 3 1
33 6 1
33 7 1
33 12 1
33 25 1
33 35 1
33 36 1
33 41 1
33 45 1
33 54 1
33 55 1
33 59 1
33 67 1
33 73 1
33 75 1
33 81 1
33 85 1
33 87 1
33 96 1
33 98 1
34 1 1
34 3 1
34 6 1
34 10 1
34 15 1
34 16 1
34 35 1
34 36 1
34 38 1
34 39 1
34 43 1
34 59 1
34 61 1
34 66 1
34 67 1
34 73 1
34 80 1
34 81 1
34 83 1
34 84 1
35 7 1
35 8 1
35 9 1
35 12 1
35 17 1
35 23 1
35 24 1
35 29 1
35 32 1
35 33 1
35 34 1
35 43 1
35 46 1
35 52 1
35 62 1
35 63 1
35 67 1
35 68 1
35 70 1
35 72 1
35 80 1
35 84 1
35 86 1
35 92 1
35 95 1
35 99 1
36 7 1
36 9 1
36 11 1
36 17 1
36 22 1
36 24 1
36 27 1
36 28 1
36 32 1
36 33 1
36 34 1
36 45 1
36 47 1
36 56 1
36 57 1
36 61 1
36 63 1
36 71 1
36 73 1
36 75 1
36 76 1
36 85 1
36 87 1
36 89 1
36 98 1
37 3 1
37 6 1
37 24 1
37 28 1
37 49 1
37 55 1
37 56 1
37 58 1
37 66 1
37 74 1
37 77 1
37 78 1
37 80 1
37 83 1
37 86 1
37 96 1
38 3 1
38 19 1
38 26 1
38 27 1
38 30 1
38 34 1
38 39 1
38 40 1
38 42 1
38 47 1
38 50 1
38 51 1
38 54 1
38 56 1
38 60 1
38 61 1
38 66 1
38 67 1
38 71 1
38 73 1
38 75 1
38 79 1
38 92 1
38 93 1
38 94 1
38 98 1
39 3 1
39 16 1
39 19 1
39 21 1
39 29 1
39 30 1
39 31 1
39 34 1
39 38 1
39 40 1
39 46 1
39 52 1
39 56 1
39 58 1
39 59 1
39 67 1
39 75 1
39 76 1
39 80 1
39 90 1
40 6 1
40 7 1
40 14 1
40 20 1
40 21 1
40 22 1
40 27 1
40 38 1
40 39 1
40 48 1
40 50 1
40 51 1
40 54 1
40 60 1
40 63 1
40 64 1
40 71 1
40 81 1
40 97 1
40 98 1
41 4 1
41 5 1
41 10 1
41 13 1
41 16 1
41 19 1
41 32 1
41 33 1
41 44 1
41 47 1
41 54 1
41 57 1
41 73 1
41 75 1
41 77 1
41 81 1
41 93 1
41 96 1
42 8 1
42 15 1
42 17 1
42 25 1
42 28 1
42 30 1
42 31 1
42 38 1
42 44 1
42 46 1
42 47 1
42 52 1
42 58 1
42 59 1
42 61 1
42 63 1
42 64 1
42 76 1
42 77 1
42 83 1
42 85 1
42 92 1
42 94 1
42 98 1
43 7 1
43 10 1
43 20 1
43 25 1
43 26 1
43 28 1
43 34 1
43 35 1
43 52 1
43 55 1
43 61 1
43 62 1
43 73 1
43 75 1
43 84 1
43 92 1
43 95 1
44 4 1
44 7 1
44 13 1
44 25 1
44 26 1
44 32 1
44 41 1
44 42 1
44 45 1
44 55 1
44 58 1
44 60 1
44 72 1
44 75 1
44 77 1
44 86 1
44 92 1
45 1 1
45 7 1
45 8 1
45 12 1
45 16 1
45 17 1
45 19 1
45 22 1
45 24 1
45 33 1
45 36 1
45 44 1
45 49 1
45 51 1
45 53 1
45 54 1
45 55 1
45 59 1
45 68 1
45 69 1
45 74 1
45 75 1
45 78 1
45 81 1
45 84 1
45 85 1
45 93 1
45 94 1
45 95 1
46 1 1
46 9 1
46 18 1
46 20 1
46 35 1
46 39 1
46 42 1
46 47 1
46 48 1
46 55 1
46 57 1
46 60 1
46 62 1
46 64 1
46 68 1
46 69 1
46 70 1
46 71 1
46 76 1
46 83 1
46 85 1
46 89 1
46 90 1
46 92 1
46 96 1
47 1 1
47 6 1
47 16 1
47 25 1
47 26 1
47 30 1
47 36 1
47 38 1
47 41 1
47 42 1
47 46 1
47 54 1
47 62 1
47 66 1
47 71 1
47 72 1
47 74 1
47 75 1
48 4 1
48 7 1
48 10 1
48 17 1
48 40 1
48 46 1
48 55 1
48 56 1
48 62 1
48 66 1
48 67 1
48 71 1
48 77 1
48 89 1
48 91 1
48 94 1
49 3 1
49 4 1
49 16 1
49 21 1
49 24 1
49 25 1
49 26 1
49 37 1
49 45 1
49 51 1
49 53 1
49 61 1
49 67 1
49 71 1
49 73 1
49 76 1
49 80 1
50 4 1
50 5 1
50 10 1
50 17 1
50 20 1
50 22 1
50 24 1
50 38 1
50 40 1
50 53 1
50 58 1
50 61 1
50 62 1
50 68 1
50 70 1
50 73 1
50 75 1
50 87 1
50 92 1
50 95 1
50 99 1
51 8 1
51 14 1
51 17 1
51 19 1
51 29 1
51 31 1
51 32 1
51 38 1
51 40 1
51 45 1
51 49 1
51 64 1
51 69 1
51 72 1
51 76 1
51 77 1
51 81 1
51 86 1
51 90 1
51 91 1
52 1 1
52 10 1
52 13 1
52 29 1
52 35 1
52 39 1
52 42 1
52 43 1
52 61 1
52 62 1
52 65 1
52 71 1
52 76 1
52 86 1
53 6 1
53 13 1
53 14 1
53 15 1
53 23 1
53 24 1
53 30 1
53 31 1
53 45 1
53 49 1
53 50 1
53 54 1
53 58 1
53 59 1
53 60 1
53 61 1
53 67 1
53 70 1
53 72 1
53 79 1
53 88 1
53 95 1
53 96 1
54 10 1
54 13 1
54 15 1
54 27 1
54 33 1
54 38 1
54 40 1
54 41 1
54 45 1
54 47 1
54 53 1
54 56 1
54 58 1
54 60 1
54 62 1
54 65 1
54 69 1
54 74 1
54 76 1
54 80 1
54 83 1
54 90 1
54 98 1
55 4 1
55 14 1
55 17 1
55 33 1
55 37 1
55 43 1
55 44 1
55 45 1
55 46 1
55 48 1
55 64 1
55 66 1
55 68 1
55 70 1
55 78 1
55 82 1
55 84 1
55 86 1
55 95 1
55 98 1
56 2 1
56 3 1
56 8 1
56 12 1
56 28 1
56 36 1
56 37 1
56 38 1
56 39 1
56 48 1
56 54 1
56 57 1
56 58 1
56 61 1
56 65 1
56 73 1
56 75 1
56 80 1
56 83 1
56 86 1
56 92 1
56 97 1
57 7 1
57 9 1
57 12 1
57 29 1
57 32 1
57 36 1
57 41 1
57 46 1
57 56 1
57 59 1
57 60 1
57 61 1
57 81 1
57 90 1
57 91 1
58 3 1
58 15 1
58 20 1
58 23 1
58 29 1
58 37 1
58 39 1
58 42 1
58 44 1
58 50 1
58 53 1
58 54 1
58 56 1
58 65 1
58 70 1
58 71 1
58 73 1
58 76 1
58 78 1
58 81 1
58 98 1
59 3 1
59 7 1
59 8 1
59 9 1
59 14 1
59 15 1
59 16 1
59 21 1
59 24 1
59 28 1
59 33 1
59 34 1
59 39 1
59 42 1
59 45 1
59 53 1
59 57 1
59 68 1
59 69 1
59 73 1
59 74 1
59 85 1
59 86 1
59 89 1
59 94 1
59 97 1
60 3 1
60 7 1
60 8 1
60 10 1
60 26 1
60 27 1
60 30 1
60 38 1
60 40 1
60 44 1
60 46 1
60 53 1
60 54 1
60 57 1
60 65 1
60 69 1
60 78 1
60 85 1
60 86 1
60 87 1
60 90 1
60 93 1
61 6 1
61 9 1
61 15 1
61 22 1
61 24 1
61 28 1
61 34 1
61 36 1
61 38 1
61 42 1
61 43 1
61 49 1
61 50 1
61 52 1
61 53 1
61 56 1
61 57 1
61 64 1
61 67 1
61 81 1
61 93 1
61 97 1
62 3 1
62 7 1
62 11 1
62 18 1
62 20 1
62 22 1
62 23 1
62 25 1
62 29 1
62 31 1
62 35 1
62 43 1
62 46 1
62 47 1
62 48 1
62 50 1
62 52 1
62 54 1
62 64 1
62 67 1
62 74 1
62 80 1
62 82 1
63 4 1
63 10 1
63 12 1
63 15 1
63 20 1
63 24 1
63 25 1
63 26 1
63 27 1
63 32 1
63 35 1
63 36 1
63 40 1
63 42 1
63 67 1
63 69 1
63 71 1
63 80 1
63 87 1
63 88 1
63 99 1
64 5 1
64 10 1
64 23 1
64 30 1
64 31 1
64 40 1
64 42 1
64 46 1
64 51 1
64 55 1
64 61 1
64 62 1
64 67 1
64 68 1
64 69 1
64 71 1
64 72 1
64 73 1
64 91 1
64 94 1
64 99 1
65 6 1
65 9 1
65 13 1
65 15 1
65 23 1
65 24 1
65 25 1
65 28 1
65 30 1
65 52 1
65 54 1
65 56 1
65 58 1
65 60 1
65 66 1
65 80 1
65 82 1
65 83 1
65 88 1
65 95 1
66 2 1
66 10 1
66 13 1
66 16 1
66 18 1
66 20 1
66 28 1
66 34 1
66 37 1
66 38 1
66 47 1
66 48 1
66 55 1
66 65 1
66 68 1
66 72 1
66 75 1
66 78 1
66 81 1
66 88 1
66 97 1
67 4 1
67 13 1
67 16 1
67 22 1
67 23 1
67 24 1
67 26 1
67 29 1
67 31 1
67 33 1
67 34 1
67 35 1
67 38 1
67 39 1
67 48 1
67 49 1
67 53 1
67 61 1
67 62 1
67 63 1
67 64 1
67 68 1
67 72 1
67 76 1
67 81 1
67 82 1
67 84 1
67 90 1
67 94 1
67 98 1
68 4 1
68 5 1
68 9 1
68 11 1
68 20 1
68 25 1
68 31 1
68 35 1
68 45 1
68 46 1
68 50 1
68 55 1
68 59 1
68 64 1
68 66 1
68 67 1
68 75 1
68 82 1
68 83 1
68 90 1
68 95 1
69 1 1
69 9 1
69 13 1
69 16 1
69 18 1
69 29 1
69 45 1
69 46 1
69 51 1
69 54 1
69 59 1
69 60 1
69 63 1
69 64 1
69 71 1
69 92 1
69 94 1
69 97 1
69 98 1
69 99 1
70 1 1
70 4 1
70 9 1
70 26 1
70 35 1
70 46 1
70 50 1
70 53 1
70 55 1
70 58 1
70 75 1
70 77 1
70 80 1
70 88 1
70 96 1
71 2 1
71 8 1
71 9 1
71 12 1
71 15 1
71 16 1
71 19 1
71 36 1
71 38 1
71 40 1
71 46 1
71 47 1
71 48 1
71 49 1
71 52 1
71 58 1
71 63 1
71 64 1
71 69 1
71 75 1
71 76 1
71 81 1
71 85 1
71 87 1
71 88 1
71 89 1
71 98 1
72 7 1
72 8 1
72 26 1
72 27 1
72 35 1
72 44 1
72 47 1
72 51 1
72 53 1
72 64 1
72 66 1
72 67 1
72 76 1
72 85 1
72 89 1
72 90 1
72 97 1
72 99 1
73 4 1
73 21 1
73 31 1
73 32 1
73 33 1
73 34 1
73 36 1
73 38 1
73 41 1
73 43 1
73 49 1
73 50 1
73 56 1
73 58 1
73 59 1
73 64 1
73 81 1
73 96 1
74 3 1
74 6 1
74 9 1
74 10 1
74 15 1
74 17 1
74 23 1
74 26 1
74 30 1
74 37 1
74 45 1
74 47 1
74 54 1
74 59 1
74 62 1
74 78 1
74 79 1
74 96 1
75 1 1
75 10 1
75 14 1
75 19 1
75 23 1
75 33 1
75 36 1
75 38 1
75 39 1
75 41 1
75 43 1
75 44 1
75 45 1
75 47 1
75 50 1
75 56 1
75 66 1
75 68 1
75 70 1
75 71 1
75 76 1
75 77 1
75 81 1
75 88 1
75 89 1
75 99 1
76 5 1
76 6 1
76 12 1
76 16 1
76 26 1
76 28 1
76 31 1
76 36 1
76 39 1
76 42 1
76 46 1
76 49 1
76 51 1
76 52 1
76 54 1
76 58 1
76 67 1
76 71 1
76 72 1
76 75 1
76 85 1
76 86 1
76 88 1
76 91 1
76 92 1
77 2 1
77 3 1
77 4 1
77 5 1
77 16 1
77 17 1
77 19 1
77 24 1
77 28 1
77 32 1
77 37 1
77 41 1
77 42 1
77 44 1
77 48 1
77 51 1
77 70 1
77 75 1
77 78 1
77 79 1
77 82 1
77 84 1
77 85 1
77 89 1
77 95 1
77 97 1
77 98 1
78 6 1
78 12 1
78 17 1
78 19 1
78 23 1
78 37 1
78 45 1
78 55 1
78 58 1
78 60 1
78 66 1
78 74 1
78 77 1
78 81 1
78 82 1
78 87 1
78 90 1
78 92 1
78 98 1
79 7 1
79 8 1
79 10 1
79 21 1
79 32 1
79 38 1
79 53 1
79 74 1
79 77 1
79 83 1
79 90 1
80 15 1
80 19 1
80 31 1
80 34 1
80 35 1
80 37 1
80 39 1
80 49 1
80 54 1
80 56 1
80 62 1
80 63 1
80 65 1
80 70 1
80 82 1
80 83 1
80 97 1
81 5 1
81 9 1
81 21 1
81 24 1
81 27 1
81 33 1
81 34 1
81 40 1
81 41 1
81 45 1
81 51 1
81 57 1
81 58 1
81 61 1
81 66 1
81 67 1
81 71 1
81 73 1
81 75 1
81 78 1
81 84 1
81 88 1
81 97 1
81 98 1
82 2 1
82 3 1
82 6 1
82 10 1
82 12 1
82 13 1
82 26 1
82 55 1
82 62 1
82 65 1
82 67 1
82 68 1
82 77 1
82 78 1
82 80 1
82 84 1
82 95 1
82 96 1
83 3 1
83 4 1
83 6 1
83 8 1
83 9 1
83 10 1
83 13 1
83 15 1
83 16 1
83 17 1
83 22 1
83 23 1
83 24 1
83 27 1
83 34 1
83 37 1
83 42 1
83 46 1
83 54 1
83 56 1
83 65 1
83 68 1
83 79 1
83 80 1
83 92 1
83 94 1
83 98 1
84 4 1
84 21 1
84 22 1
84 29 1
84 31 1
84 32 1
84 34 1
84 35 1
84 43 1
84 45 1
84 55 1
84 67 1
84 77 1
84 81 1
84 82 1
84 87 1
84 92 1
84 97 1
84 99 1
85 7 1
85 8 1
85 17 1
85 18 1
85 20 1
85 23 1
85 26 1
85 29 1
85 30 1
85 32 1
85 33 1
85 36 1
85 42 1
85 45 1
85 46 1
85 59 1
85 60 1
85 71 1
85 72 1
85 76 1
85 77 1
85 92 1
85 99 1
86 4 1
86 11 1
86 15 1
86 19 1
86 20 1
86 22 1
86 23 1
86 35 1
86 37 1
86 44 1
86 51 1
86 52 1
86 55 1
86 56 1
86 59 1
86 60 1
86 76 1
86 88 1
86 92 1
87 2 1
87 3 1
87 9 1
87 22 1
87 24 1
87 29 1
87 33 1
87 36 1
87 50 1
87 60 1
87 63 1
87 71 1
87 78 1
87 84 1
87 92 1
88 5 1
88 7 1
88 10 1
88 13 1
88 15 1
88 18 1
88 24 1
88 28 1
88 29 1
88 53 1
88 63 1
88 65 1
88 66 1
88 70 1
88 71 1
88 75 1
88 76 1
88 81 1
88 86 1
88 95 1
88 98 1
89 5 1
89 13 1
89 19 1
89 24 1
89 25 1
89 29 1
89 36 1
89 46 1
89 48 1
89 59 1
89 71 1
89 72 1
89 75 1
89 77 1
89 99 1
90 8 1
90 11 1
90 14 1
90 27 1
90 39 1
90 46 1
90 51 1
90 54 1
90 57 1
90 60 1
90 67 1
90 68 1
90 72 1
90 78 1
90 79 1
91 5 1
91 6 1
91 30 1
91 48 1
91 51 1
91 57 1
91 64 1
91 76 1
91 96 1
91 99 1
92 5 1
92 14 1
92 22 1
92 28 1
92 31 1
92 35 1
92 38 1
92 42 1
92 43 1
92 44 1
92 46 1
92 50 1
92 56 1
92 69 1
92 76 1
92 78 1
92 83 1
92 84 1
92 85 1
92 86 1
92 87 1
92 98 1
93 1 1
93 5 1
93 12 1
93 17 1
93 18 1
93 19 1
93 24 1
93 25 1
93 29 1
93 38 1
93 41 1
93 45 1
93 60 1
93 61 1
93 95 1
93 96 1
94 3 1
94 4 1
94 10 1
94 23 1
94 29 1
94 30 1
94 38 1
94 42 1
94 45 1
94 48 1
94 59 1
94 64 1
94 67 1
94 69 1
94 83 1
94 97 1
95 6 1
95 9 1
95 14 1
95 17 1
95 22 1
95 25 1
95 27 1
95 30 1
95 31 1
95 35 1
95 43 1
95 45 1
95 50 1
95 53 1
95 55 1
95 65 1
95 68 1
95 77 1
95 82 1
95 88 1
95 93 1
95 96 1
95 99 1
96 1 1
96 2 1
96 3 1
96 9 1
96 11 1
96 14 1
96 15 1
96 19 1
96 23 1
96 28 1
96 29 1
96 33 1
96 37 1
96 41 1
96 46 1
96 53 1
96 70 1
96 73 1
96 74 1
96 82 1
96 91 1
96 93 1
96 95 1
96 98 1
97 8 1
97 19 1
97 40 1
97 56 1
97 59 1
97 61 1
97 66 1
97 69 1
97 72 1
97 77 1
97 80 1
97 81 1
97 84 1
97 94 1
98 6 1
98 9 1
98 15 1
98 16 1
98 27 1
98 33 1
98 36 1
98 38 1
98 40 1
98 42 1
98 54 1
98 55 1
98 58 1
98 67 1
98 69 1
98 71 1
98 77 1
98 78 1
98 81 1
98 83 1
98 88 1
98 92 1
98 96 1
98 99 1
2 t 1
4 t 1
6 t 1
16 t 1
18 t 1
25 t 1
27 t 1
35 t 1
50 t 1
63 t 1
64 t 1
69 t 1
72 t 1
75 t 1
84 t 1
85 t 1
89 t 1
91 t 1
95 t 1
98 t 1
