s 1 66
s 7 89
s 9 38
s 11 77
s 20 45
s 23 46
s 27 39
s 29 65
s 31 95
s 38 5
s 47 11
s 51 9
s 53 14
s 54 65
s 60 58
s 65 34
s 68 1
s 75 78
s 79 59
s 83 16
s 95 11
s 97 72
1 5 79
1 6 29
1 11 12
1 17 62
1 26 7
1 29 38
1 30 62
1 40 36
1 44 84
1 50 88
1 57 51
1 66 70
1 70 16
1 71 69
1 73 47
1 77 44
1 79 78
1 80 100
1 84 98
1 97 15
2 3 42
2 5 54
2 6 79
2 20 16
2 26 65
2 34 89
2 35 33
2 39 72
2 41 24
2 59 4
2 60 5
2 64 53
2 68 77
2 70 71
2 75 18
2 79 13
2 95 37
2 99 9
3 2 42
3 12 34
3 15 12
3 22 84
3 23 2
3 25 19
3 30 1
3 36 24
3 41 3
3 48 63
3 51 13
3 53 78
3 64 43
3 66 33
3 72 72
3 80 14
3 81 14
3 82 43
3 86 73
3 88 91
3 95 23
4 20 60
4 23 85
4 25 78
4 28 14
4 36 88
4 40 92
4 46 69
4 49 11
4 61 2
4 65 95
4 71 75
4 73 64
4 81 52
4 84 68
4 86 75
4 92 100
4 97 99
4 99 79
5 1 79
5 2 54
5 17 51
5 19 52
5 23 18
5 25 34
5 28 87
5 33 4
5 34 91
5 36 67
5 54 85
5 65 28
5 69 94
5 70 76
5 76 77
5 79 15
5 97 62
6 1 29
6 2 79
6 10 24
6 11 31
6 22 96
6 24 39
6 30 73
6 31 70
6 33 42
6 36 17
6 37 32
6 40 32
6 41 81
6 52 96
6 58 6
6 62 18
6 78 99
6 86 47
6 87 33
6 88 18
6 90 2
6 99 59
7 23 13
7 24 32
7 27 20
7 29 33
7 33 80
7 38 3
7 40 4
7 41 59
7 44 56
7 47 95
7 55 30
7 56 36
7 67 38
7 69 92
7 81 11
7 92 65
7 98 22
8 10 44
8 11 49
8 25 64
8 35 70
8 37 2
8 39 87
8 42 51
8 43 42
8 44 36
8 45 7
8 46 28
8 48 41
8 52 79
8 53 51
8 60 97
8 73 49
8 79 2
8 91 21
8 94 60
8 95 19
8 97 66
9 12 46
9 21 68
9 31 98
9 36 11
9 51 80
9 54 33
9 56 48
9 70 35
9 77 57
9 79 22
9 90 34
9 91 63
9 92 66
9 95 17
10 6 24
10 8 44
10 15 56
10 16 59
10 17 37
10 22 6
10 33 52
10 35 91
10 43 57
10 55 71
10 63 61
10 65 4
10 69 39
10 70 21
10 72 45
10 73 96
10 75 4
10 76 45
10 78 85
10 82 98
10 83 66
10 84 92
10 97 58
10 98 69
11 1 12
11 6 31
11 8 49
11 15 26
11 16 10
11 22 17
11 29 94
11 30 19
11 31 26
11 37 16
11 52 59
11 53 16
11 54 91
11 57 93
11 63 67
11 69 58
11 80 3
11 85 70
11 97 1
12 3 34
12 9 46
12 18 16
12 19 66
12 23 75
12 24 47
12 26 65
12 46 89
12 48 17
12 56 31
12 58 58
12 61 64
12 69 42
12 72 20
12 76 49
12 81 74
13 17 27
13 25 36
13 29 21
13 35 78
13 37 28
13 48 58
13 51 86
13 54 36
13 57 97
13 70 79
13 72 42
13 83 4
13 84 39
13 86 44
13 90 90
13 93 14
13 98 74
13 99 3
14 18 37
14 20 6
14 23 90
14 29 39
14 32 16
14 33 11
14 42 91
14 49 71
14 52 67
14 66 73
14 67 87
14 68 94
14 69 61
14 76 16
14 77 8
14 88 18
15 3 12
15 10 56
15 11 26
15 18 34
15 24 70
15 30 99
15 31 45
15 42 90
15 61 20
15 66 13
15 67 70
15 79 60
15 84 67
15 85 88
15 97 59
15 99 38
16 10 59
16 11 10
16 18 17
16 22 30
16 23 4
16 29 83
16 33 1
16 34 94
16 42 93
16 47 11
16 48 1
16 49 47
16 50 67
16 52 48
16 57 81
16 63 39
16 65 90
16 73 29
16 80 84
16 81 23
16 93 47
16 94 67
17 1 62
17 5 51
17 10 37
17 13 27
17 22 48
17 30 10
17 32 83
17 39 41
17 40 26
17 45 42
17 46 52
17 48 72
17 64 49
17 66 97
17 77 91
17 87 33
17 91 84
17 98 83
18 12 16
18 14 37
18 15 34
18 16 17
18 24 55
18 32 82
18 41 36
18 42 70
18 44 56
18 45 35
18 65 11
18 66 13
18 68 31
18 82 17
18 90 96
18 99 41
19 5 52
19 12 66
19 23 34
19 25 96
19 33 89
19 42 31
19 43 95
19 46 55
19 47 84
19 48 85
19 52 14
19 54 41
19 59 38
19 75 92
19 79 1
19 86 13
19 87 72
19 89 21
19 95 27
20 2 16
20 4 60
20 14 6
20 26 3
20 29 38
20 32 71
20 50 27
20 53 55
20 55 25
20 57 25
20 58 37
20 60 27
20 75 73
20 89 64
21 9 68
21 34 32
21 37 48
21 38 5
21 41 50
21 48 72
21 52 62
21 58 88
21 63 54
21 65 92
21 69 15
21 73 4
21 77 86
21 83 38
21 90 67
21 97 72
22 3 84
22 6 96
22 10 6
22 11 17
22 16 30
22 17 48
22 29 91
22 39 64
22 48 29
22 57 73
22 58 7
22 59 65
22 62 85
22 76 36
22 77 97
22 82 68
22 85 76
22 86 23
22 88 15
22 89 57
22 97 2
23 3 2
23 4 85
23 5 18
23 7 13
23 12 75
23 14 90
23 16 4
23 19 34
23 34 90
23 38 36
23 39 6
23 40 67
23 45 72
23 48 63
23 50 28
23 56 17
23 57 60
23 61 45
23 63 38
23 68 84
23 75 69
23 88 42
23 93 91
23 98 94
24 6 39
24 7 32
24 12 47
24 15 70
24 18 55
24 28 83
24 33 81
24 39 48
24 45 86
24 46 66
24 47 8
24 58 17
24 59 14
24 64 42
24 65 95
24 73 16
24 75 3
24 85 23
24 91 1
24 94 76
25 3 19
25 4 78
25 5 34
25 8 64
25 13 36
25 19 96
25 38 3
25 63 57
25 68 35
25 73 34
25 78 35
25 79 68
25 82 60
25 86 62
25 90 15
25 93 46
25 95 55
25 97 94
26 1 7
26 2 65
26 12 65
26 20 3
26 34 9
26 38 100
26 45 100
26 55 74
26 57 15
26 59 24
26 62 82
26 64 34
26 66 44
26 81 35
26 82 7
26 84 76
26 88 19
26 89 18
26 94 89
26 97 11
26 99 12
27 7 20
27 29 57
27 33 51
27 40 41
27 43 33
27 49 78
27 56 25
27 57 73
27 59 78
27 63 93
27 64 99
27 66 66
27 76 47
27 80 38
27 90 90
27 97 96
28 4 14
28 5 87
28 24 83
28 31 25
28 33 44
28 35 4
28 38 64
28 39 61
28 45 7
28 46 9
28 54 23
28 58 17
28 73 24
28 76 11
28 77 36
28 95 58
28 97 29
28 99 31
29 1 38
29 7 33
29 11 94
29 13 21
29 14 39
29 16 83
29 20 38
29 22 91
29 27 57
29 34 57
29 37 72
29 42 5
29 43 98
29 46 22
29 48 49
29 54 66
29 63 86
29 73 2
29 74 7
29 79 52
29 82 71
29 85 31
29 89 45
29 93 93
29 95 48
30 1 62
30 3 1
30 6 73
30 11 19
30 15 99
30 17 10
30 41 85
30 44 65
30 65 63
30 66 7
30 67 5
30 68 48
30 73 7
30 78 51
30 79 91
30 83 51
30 86 39
30 87 95
30 88 43
30 96 68
31 6 70
31 9 98
31 11 26
31 15 45
31 28 25
31 53 18
31 60 71
31 61 62
31 69 61
31 70 68
31 74 49
31 79 21
31 87 60
31 90 51
31 91 51
32 14 16
32 17 83
32 18 82
32 20 71
32 51 61
32 53 55
32 75 65
32 79 8
32 81 29
32 96 35
33 5 4
33 6 42
33 7 80
33 10 52
33 14 11
33 16 1
33 19 89
33 24 81
33 27 51
33 28 44
33 37 8
33 44 30
33 48 85
33 58 29
33 64 98
33 78 20
33 80 23
33 81 90
33 84 68
33 89 97
33 98 19
33 99 98
34 2 89
34 5 91
34 16 94
34 21 32
34 23 90
34 26 9
34 29 57
34 41 72
34 56 4
34 77 62
34 92 65
34 95 75
35 2 33
35 8 70
35 10 91
35 13 78
35 28 4
35 46 33
35 53 59
35 57 80
35 67 66
35 70 78
35 72 8
35 74 21
35 76 15
35 80 33
35 87 67
35 94 49
35 96 43
36 3 24
36 4 88
36 5 67
36 6 17
36 9 11
36 38 85
36 40 93
36 43 8
36 52 90
36 53 95
36 56 80
36 61 15
36 64 96
36 76 80
36 95 80
36 97 80
37 6 32
37 8 2
37 11 16
37 13 28
37 21 48
37 29 72
37 33 8
37 44 7
37 49 60
37 51 78
37 60 15
37 61 25
37 67 70
37 73 33
37 78 67
37 88 18
37 89 14
37 94 63
37 98 5
38 7 3
38 21 5
38 23 36
38 25 3
38 26 100
38 28 64
38 36 85
38 43 57
38 54 60
38 57 27
38 67 83
38 69 88
38 81 78
38 83 78
38 84 99
38 85 55
38 90 27
38 97 11
39 2 72
39 8 87
39 17 41
39 22 64
39 23 6
39 24 48
39 28 61
39 47 1
39 48 37
39 52 45
39 53 93
39 58 78
39 61 72
39 72 36
39 76 71
39 81 78
39 83 48
39 92 76
39 93 66
39 97 6
39 98 10
39 99 7
40 1 36
40 4 92
40 6 32
40 7 4
40 17 26
40 23 67
40 27 41
40 36 93
40 41 65
40 58 20
40 62 63
40 63 20
40 65 41
40 72 78
40 75 40
40 79 92
40 80 22
40 81 35
40 87 96
40 88 63
40 89 65
40 90 40
40 95 38
40 97 55
40 98 25
41 2 24
41 3 3
41 6 81
41 7 59
41 18 36
41 21 50
41 30 85
41 34 72
41 40 65
41 42 43
41 43 43
41 44 51
41 45 40
41 46 47
41 50 68
41 56 50
41 59 90
41 72 24
41 78 94
41 82 84
41 96 95
41 97 92
42 8 51
42 14 91
42 15 90
42 16 93
42 18 70
42 19 31
42 29 5
42 41 43
42 45 39
42 60 18
42 64 56
42 66 54
42 73 34
42 79 65
42 81 62
42 93 17
42 95 61
42 98 37
42 99 42
43 8 42
43 10 57
43 19 95
43 27 33
43 29 98
43 36 8
43 38 57
43 41 43
43 44 3
43 52 98
43 54 80
43 57 51
43 59 82
43 63 49
43 64 96
43 73 83
43 74 89
43 88 53
44 1 84
44 7 56
44 8 36
44 18 56
44 30 65
44 33 30
44 37 7
44 41 51
44 43 3
44 46 78
44 47 70
44 48 24
44 50 10
44 52 13
44 58 29
44 69 31
44 73 40
44 74 69
44 84 44
44 89 89
44 91 17
44 96 67
44 99 4
45 8 7
45 17 42
45 18 35
45 23 72
45 24 86
45 26 100
45 28 7
45 41 40
45 42 39
45 46 10
45 53 50
45 54 99
45 59 36
45 66 14
45 68 92
45 70 94
45 91 87
45 92 25
45 96 60
46 4 69
46 8 28
46 12 89
46 17 52
46 19 55
46 24 66
46 28 9
46 29 22
46 35 33
46 41 47
46 44 78
46 45 10
46 48 93
46 57 53
46 60 64
46 61 32
46 66 100
46 70 54
46 82 54
46 85 68
46 88 19
46 89 81
46 92 25
46 97 46
47 7 95
47 16 11
47 19 84
47 24 8
47 39 1
47 44 70
47 50 86
47 52 37
47 54 28
47 58 33
47 61 98
47 67 92
47 70 100
47 74 16
47 76 56
47 77 25
47 79 60
47 86 74
47 88 80
47 98 34
48 3 63
48 8 41
48 12 17
48 13 58
48 16 1
48 17 72
48 19 85
48 21 72
48 22 29
48 23 63
48 29 49
48 33 85
48 39 37
48 44 24
48 46 93
48 49 73
48 52 57
48 53 28
48 54 25
48 55 37
48 67 8
48 69 71
48 77 8
48 78 16
48 85 70
48 86 78
48 90 61
48 96 3
49 4 11
49 14 71
49 16 47
49 27 78
49 37 60
49 48 73
49 63 27
49 65 62
49 67 97
49 74 57
49 88 7
50 1 88
50 16 67
50 20 27
50 23 28
50 41 68
50 44 10
50 47 86
50 51 66
50 59 55
50 74 24
50 76 83
50 83 10
50 86 52
50 87 3
50 93 62
51 3 13
51 9 80
51 13 86
51 32 61
51 37 78
51 50 66
51 52 36
51 53 94
51 55 68
51 56 40
51 59 85
51 60 33
51 63 55
51 64 74
51 70 19
51 72 94
51 75 10
51 78 46
51 79 60
51 83 90
51 84 45
51 91 52
51 96 69
52 6 96
52 8 79
52 11 59
52 14 67
52 16 48
52 19 14
52 21 62
52 36 90
52 39 45
52 43 98
52 44 13
52 47 37
52 48 57
52 51 36
52 53 30
52 58 6
52 64 65
52 84 66
52 89 64
52 92 33
53 3 78
53 8 51
53 11 16
53 20 55
53 31 18
53 32 55
53 35 59
53 36 95
53 39 93
53 45 50
53 48 28
53 51 94
53 52 30
53 65 41
53 70 12
53 71 12
53 72 65
53 76 82
53 77 59
53 79 96
53 84 67
53 96 9
53 98 55
53 99 88
54 5 85
54 9 33
54 11 91
54 13 36
54 19 41
54 28 23
54 29 66
54 38 60
54 43 80
54 45 99
54 47 28
54 48 25
54 56 26
54 61 3
54 63 39
54 72 18
54 84 93
54 85 9
55 7 30
55 10 71
55 20 25
55 26 74
55 48 37
55 51 68
55 68 24
55 77 55
55 78 94
55 80 45
55 85 36
55 86 68
55 89 34
55 92 26
56 7 36
56 9 48
56 12 31
56 23 17
56 27 25
56 34 4
56 36 80
56 41 50
56 51 40
56 54 26
56 59 68
56 66 69
56 71 15
56 73 70
56 75 33
56 84 65
56 87 52
56 97 47
57 1 51
57 11 93
57 13 97
57 16 81
57 20 25
57 22 73
57 23 60
57 26 15
57 27 73
57 35 80
57 38 27
57 43 51
57 46 53
57 69 57
57 71 88
57 74 2
57 78 53
57 79 53
57 82 82
57 90 86
57 92 34
58 6 6
58 12 58
58 20 37
58 21 88
58 22 7
58 24 17
58 28 17
58 33 29
58 39 78
58 40 20
58 44 29
58 47 33
58 52 6
58 67 13
58 76 76
58 83 22
58 89 50
58 92 20
58 95 82
59 2 4
59 19 38
59 22 65
59 24 14
59 26 24
59 27 78
59 41 90
59 43 82
59 45 36
59 50 55
59 51 85
59 56 68
59 71 28
59 72 29
59 73 91
59 75 19
59 76 72
59 77 97
59 82 9
60 2 5
60 8 97
60 20 27
60 31 71
60 37 15
60 42 18
60 46 64
60 51 33
60 61 85
60 62 43
60 63 87
60 64 4
60 65 92
60 79 1
60 81 35
60 95 13
60 96 79
60 99 83
61 4 2
61 12 64
61 15 20
61 23 45
61 31 62
61 36 15
61 37 25
61 39 72
61 46 32
61 47 98
61 54 3
61 60 85
61 66 74
61 67 63
61 70 2
61 77 88
61 91 14
61 96 17
61 99 5
62 6 18
62 22 85
62 26 82
62 40 63
62 60 43
62 71 17
62 79 4
62 84 96
62 85 98
62 86 33
62 91 76
62 93 85
63 10 61
63 11 67
63 16 39
63 21 54
63 23 38
63 25 57
63 27 93
63 29 86
63 40 20
63 43 49
63 49 27
63 51 55
63 54 39
63 60 87
63 72 85
63 79 11
63 91 13
63 93 33
63 97 77
64 2 53
64 3 43
64 17 49
64 24 42
64 26 34
64 27 99
64 33 98
64 36 96
64 42 56
64 43 96
64 51 74
64 52 65
64 60 4
64 68 89
64 71 79
64 79 93
64 81 36
64 82 77
64 92 100
65 4 95
65 5 28
65 10 4
65 16 90
65 18 11
65 21 92
65 24 95
65 30 63
65 40 41
65 49 62
65 53 41
65 60 92
65 69 25
65 75 45
65 78 43
65 86 84
65 87 71
65 89 30
65 91 74
65 92 59
65 93 23
65 94 49
66 1 70
66 3 33
66 14 73
66 15 13
66 17 97
66 18 13
66 26 44
66 27 66
66 30 7
66 42 54
66 45 14
66 46 100
66 56 69
66 61 74
66 74 19
66 84 76
66 90 15
66 92 43
66 93 28
67 7 38
67 14 87
67 15 70
67 30 5
67 35 66
67 37 70
67 38 83
67 47 92
67 48 8
67 49 97
67 58 13
67 61 63
67 73 63
67 77 47
67 78 91
67 80 51
67 81 12
67 85 41
67 86 70
67 90 6
67 95 86
68 2 77
68 14 94
68 18 31
68 23 84
68 25 35
68 30 48
68 45 92
68 55 24
68 64 89
68 77 49
68 78 24
68 80 44
68 89 28
68 91 89
68 93 77
69 5 94
69 7 92
69 10 39
69 11 58
69 12 42
69 14 61
69 21 15
69 31 61
69 38 88
69 44 31
69 48 71
69 57 57
69 65 25
69 70 60
69 78 71
69 81 57
69 82 37
69 86 7
69 91 99
69 92 79
69 95 15
69 96 5
70 1 16
70 2 71
70 5 76
70 9 35
70 10 21
70 13 79
70 31 68
70 35 78
70 45 94
70 46 54
70 47 100
70 51 19
70 53 12
70 61 2
70 69 60
70 72 9
70 74 54
70 75 57
70 77 1
70 84 38
70 86 23
70 96 13
71 1 69
71 4 75
71 53 12
71 56 15
71 57 88
71 59 28
71 62 17
71 64 79
71 72 100
71 75 69
71 77 51
71 79 3
71 83 96
71 85 2
71 95 5
72 3 72
72 10 45
72 12 20
72 13 42
72 35 8
72 39 36
72 40 78
72 41 24
72 51 94
72 53 65
72 54 18
72 59 29
72 63 85
72 70 9
72 71 100
72 78 11
72 86 32
72 87 37
72 88 71
72 93 11
72 99 61
73 1 47
73 4 64
73 8 49
73 10 96
73 16 29
73 21 4
73 24 16
73 25 34
73 28 24
73 29 2
73 30 7
73 37 33
73 42 34
73 43 83
73 44 40
73 56 70
73 59 91
73 67 63
73 74 11
73 77 46
73 82 18
73 85 25
73 87 83
73 93 4
73 98 97
73 99 23
74 29 7
74 31 49
74 35 21
74 43 89
74 44 69
74 47 16
74 49 57
74 50 24
74 57 2
74 66 19
74 70 54
74 73 11
74 91 60
74 92 89
74 97 7
74 98 38
75 2 18
75 10 4
75 19 92
75 20 73
75 23 69
75 24 3
75 32 65
75 40 40
75 51 10
75 56 33
75 59 19
75 65 45
75 70 57
75 71 69
75 79 38
75 80 40
75 86 71
75 93 80
76 5 77
76 10 45
76 12 49
76 14 16
76 22 36
76 27 47
76 28 11
76 35 15
76 36 80
76 39 71
76 47 56
76 50 83
76 53 82
76 58 76
76 59 72
76 79 71
76 82 67
76 86 42
76 91 80
76 95 37
76 96 10
76 98 97
77 1 44
77 9 57
77 14 8
77 17 91
77 21 86
77 22 97
77 28 36
77 34 62
77 47 25
77 48 8
77 53 59
77 55 55
77 59 97
77 61 88
77 67 47
77 68 49
77 70 1
77 71 51
77 73 46
77 78 63
77 80 84
77 89 96
77 92 17
77 96 60
78 6 99
78 10 85
78 25 35
78 30 51
78 33 20
78 37 67
78 41 94
78 48 16
78 51 46
78 55 94
78 57 53
78 65 43
78 67 91
78 68 24
78 69 71
78 72 11
78 77 63
78 83 64
78 86 44
78 93 68
79 1 78
79 2 13
79 5 15
79 8 2
79 9 22
79 15 60
79 19 1
79 25 68
79 29 52
79 30 91
79 31 21
79 32 8
79 40 92
79 42 65
79 47 60
79 51 60
79 53 96
79 57 53
79 60 1
79 62 4
79 63 11
79 64 93
79 71 3
79 75 38
79 76 71
79 92 80
80 1 100
80 3 14
80 11 3
80 16 84
80 27 38
80 33 23
80 35 33
80 40 22
80 55 45
80 67 51
80 68 44
80 75 40
80 77 84
80 88 42
80 89 52
80 93 79
81 3 14
81 4 52
81 7 11
81 12 74
81 16 23
81 26 35
81 32 29
81 33 90
81 38 78
81 39 78
81 40 35
81 42 62
81 60 35
81 64 36
81 67 12
81 69 57
81 88 6
81 96 91
81 98 95
81 99 30
82 3 43
82 10 98
82 18 17
82 22 68
82 25 60
82 26 7
82 29 71
82 41 84
82 46 54
82 57 82
82 59 9
82 64 77
82 69 37
82 73 18
82 76 67
82 87 56
82 88 6
82 89 85
82 93 35
82 98 81
83 10 66
83 13 4
83 21 38
83 30 51
83 38 78
83 39 48
83 50 10
83 51 90
83 58 22
83 71 96
83 78 64
83 85 55
83 87 13
83 88 86
83 89 47
83 90 1
83 95 22
84 1 98
84 4 68
84 10 92
84 13 39
84 15 67
84 26 76
84 33 68
84 38 99
84 44 44
84 51 45
84 52 66
84 53 67
84 54 93
84 56 65
84 62 96
84 66 76
84 70 38
84 89 87
85 11 70
85 15 88
85 22 76
85 24 23
85 29 31
85 38 55
85 46 68
85 48 70
85 54 9
85 55 36
85 62 98
85 67 41
85 71 2
85 73 25
85 83 55
85 90 54
86 3 73
86 4 75
86 6 47
86 13 44
86 19 13
86 22 23
86 25 62
86 30 39
86 47 74
86 48 78
86 50 52
86 55 68
86 62 33
86 65 84
86 67 70
86 69 7
86 70 23
86 72 32
86 75 71
86 76 42
86 78 44
86 90 48
86 95 100
86 98 6
87 6 33
87 17 33
87 19 72
87 30 95
87 31 60
87 35 67
87 40 96
87 50 3
87 56 52
87 65 71
87 72 37
87 73 83
87 82 56
87 83 13
87 94 32
88 3 91
88 6 18
88 14 18
88 22 15
88 23 42
88 26 19
88 30 43
88 37 18
88 40 63
88 43 53
88 46 19
88 47 80
88 49 7
88 72 71
88 80 42
88 81 6
88 82 6
88 83 86
88 89 48
88 90 15
88 99 21
89 19 21
89 20 64
89 22 57
89 26 18
89 29 45
89 33 97
89 37 14
89 40 65
89 44 89
89 46 81
89 52 64
89 55 34
89 58 50
89 65 30
89 68 28
89 77 96
89 80 52
89 82 85
89 83 47
89 84 87
89 88 48
89 91 25
89 95 89
90 6 2
90 9 34
90 13 90
90 18 96
90 21 67
90 25 15
90 27 90
90 31 51
90 38 27
90 40 40
90 48 61
90 57 86
90 66 15
90 67 6
90 83 1
90 85 54
90 86 48
90 88 15
90 91 50
91 8 21
91 9 63
91 17 84
91 24 1
91 31 51
91 44 17
91 45 87
91 51 52
91 61 14
91 62 76
91 63 13
91 65 74
91 68 89
91 69 99
91 74 60
91 76 80
91 89 25
91 90 50
91 92 16
91 94 47
91 95 11
92 4 100
92 7 65
92 9 66
92 34 65
92 39 76
92 45 25
92 46 25
92 52 33
92 55 26
92 57 34
92 58 20
92 64 100
92 65 59
92 66 43
92 69 79
92 74 89
92 77 17
92 79 80
92 91 16
92 98 35
93 13 14
93 16 47
93 23 91
93 25 46
93 29 93
93 39 66
93 42 17
93 50 62
93 62 85
93 63 33
93 65 23
93 66 28
93 68 77
93 72 11
93 73 4
93 75 80
93 78 68
93 80 79
93 82 35
93 97 53
94 8 60
94 16 67
94 24 76
94 26 89
94 35 49
94 37 63
94 65 49
94 87 32
94 91 47
94 98 78
95 2 37
95 3 23
95 8 19
95 9 17
95 19 27
95 25 55
95 28 58
95 29 48
95 34 75
95 36 80
95 40 38
95 42 61
95 58 82
95 60 13
95 67 86
95 69 15
95 71 5
95 76 37
95 83 22
95 86 100
95 89 89
95 91 11
96 30 68
96 32 35
96 35 43
96 41 95
96 44 67
96 45 60
96 48 3
96 51 69
96 53 9
96 60 79
96 61 17
96 69 5
96 70 13
96 76 10
96 77 60
96 81 91
96 98 6
96 99 31
97 1 15
97 4 99
97 5 62
97 8 66
97 10 58
97 11 1
97 15 59
97 21 72
97 22 2
97 25 94
97 26 11
97 27 96
97 28 29
97 36 80
97 38 11
97 39 6
97 40 55
97 41 92
97 46 46
97 56 47
97 63 77
97 74 7
97 93 53
98 7 22
98 10 69
98 13 74
98 17 83
98 23 94
98 33 19
98 37 5
98 39 10
98 40 25
98 42 37
98 47 34
98 53 55
98 73 97
98 74 38
98 76 97
98 81 95
98 82 81
98 86 6
98 92 35
98 94 78
98 96 6
2 t 9
4 t 79
6 t 59
13 t 3
15 t 38
18 t 41
26 t 12
28 t 31
33 t 98
39 t 7
42 t 42
44 t 4
53 t 88
60 t 83
61 t 5
72 t 61
73 t 23
81 t 30
88 t 21
96 t 31
