s 1 39
s 2 91
s 3 78
s 4 30
s 5 82
s 6 24
s 7 72
s 8 29
s 9 51
s 10 31
s 11 83
s 12 63
s 13 82
s 14 53
s 15 52
s 16 34
s 18 78
s 19 82
s 20 31
s 22 22
s 23 31
s 24 86
s 26 50
s 27 72
s 28 50
s 29 17
s 31 40
s 32 33
s 33 1
s 34 77
s 35 94
s 37 22
s 39 1
s 40 58
s 41 81
s 43 5
s 44 31
s 45 54
s 47 8
s 48 52
s 49 11
s 50 26
s 52 3
s 53 18
s 54 32
s 55 8
s 56 20
s 57 29
s 58 79
s 60 62
s 62 53
s 63 7
s 64 16
s 65 39
s 66 51
s 67 57
s 68 30
s 69 12
s 70 67
s 71 83
s 73 27
s 74 51
s 75 95
s 76 3
s 77 33
s 78 68
s 79 59
s 80 66
s 81 20
s 82 39
s 83 57
s 84 92
s 85 97
s 86 14
s 87 29
s 88 100
s 89 81
s 90 16
s 91 45
s 92 32
s 93 15
s 95 19
s 97 4
s 98 9
s 99 83
1 2 93
1 3 52
1 4 65
1 6 24
1 8 69
1 9 70
1 11 34
1 13 22
1 14 74
1 15 26
1 16 31
1 17 65
1 18 42
1 20 41
1 22 50
1 24 15
1 26 36
1 27 53
1 28 70
1 29 52
1 32 43
1 33 57
1 34 31
1 35 37
1 36 19
1 37 66
1 38 84
1 39 31
1 40 16
1 41 1
1 42 44
1 43 94
1 44 53
1 45 58
1 46 18
1 47 66
1 48 84
1 49 83
1 51 13
1 52 68
1 54 66
1 55 62
1 56 46
1 57 64
1 59 56
1 61 70
1 62 52
1 64 49
1 66 45
1 67 32
1 68 11
1 69 10
1 70 9
1 71 74
1 73 12
1 74 5
1 75 37
1 76 54
1 77 98
1 79 14
1 80 4
1 83 46
1 85 16
1 86 44
1 87 32
1 88 84
1 89 76
1 90 23
1 91 67
1 92 60
1 93 49
1 94 46
1 95 95
1 97 12
1 98 70
1 99 17
2 1 93
2 3 70
2 4 93
2 5 57
2 6 40
2 7 44
2 8 72
2 9 55
2 10 58
2 11 88
2 12 5
2 14 76
2 15 49
2 16 17
2 18 99
2 19 16
2 20 100
2 21 31
2 22 100
2 23 68
2 24 89
2 25 34
2 27 59
2 28 97
2 29 56
2 30 85
2 31 25
2 32 40
2 34 87
2 36 81
2 37 60
2 38 19
2 39 98
2 41 92
2 42 90
2 43 32
2 44 63
2 45 66
2 46 39
2 47 5
2 49 87
2 50 48
2 51 98
2 52 37
2 54 35
2 55 52
2 56 61
2 57 79
2 58 20
2 59 1
2 60 22
2 63 48
2 64 100
2 65 85
2 66 43
2 67 99
2 68 47
2 69 16
2 70 38
2 73 34
2 74 92
2 75 6
2 76 35
2 77 1
2 78 3
2 79 98
2 80 6
2 81 20
2 82 80
2 83 6
2 84 69
2 85 71
2 87 83
2 89 86
2 90 49
2 91 99
2 92 15
2 93 27
2 94 30
2 95 46
2 97 56
2 99 12
3 1 52
3 2 70
3 4 43
3 6 5
3 7 100
3 8 98
3 9 16
3 10 53
3 11 69
3 12 27
3 13 5
3 14 56
3 15 46
3 16 86
3 17 38
3 18 84
3 19 85
3 20 14
3 21 96
3 22 18
3 23 49
3 24 44
3 25 60
3 27 80
3 28 18
3 29 49
3 30 97
3 31 8
3 32 89
3 33 94
3 35 38
3 36 76
3 37 63
3 38 32
3 39 77
3 40 48
3 42 89
3 43 69
3 44 57
3 45 34
3 48 92
3 49 61
3 50 15
3 51 87
3 52 62
3 53 51
3 54 54
3 55 62
3 56 39
3 57 60
3 58 30
3 59 93
3 60 5
3 62 23
3 65 99
3 67 12
3 68 56
3 69 25
3 70 31
3 71 23
3 72 34
3 73 13
3 74 40
3 75 55
3 76 15
3 77 68
3 78 66
3 80 19
3 81 97
3 82 39
3 83 83
3 84 98
3 85 3
3 86 61
3 87 30
3 88 89
3 89 90
3 90 49
3 93 93
3 94 65
3 95 4
3 96 32
3 97 11
3 98 31
3 99 43
4 1 65
4 2 93
4 3 43
4 6 88
4 7 63
4 8 6
4 9 64
4 10 88
4 11 69
4 12 7
4 13 3
4 14 78
4 15 31
4 17 19
4 18 87
4 19 2
4 23 46
4 24 36
4 25 81
4 26 87
4 27 93
4 28 77
4 29 34
4 30 31
4 32 27
4 33 41
4 34 11
4 35 36
4 36 78
4 37 49
4 38 23
4 39 50
4 42 43
4 43 9
4 44 60
4 45 58
4 46 17
4 47 84
4 48 49
4 49 21
4 51 48
4 52 14
4 53 50
4 54 25
4 55 93
4 56 10
4 59 50
4 60 88
4 61 20
4 62 16
4 64 9
4 65 77
4 66 94
4 68 34
4 69 75
4 70 17
4 71 46
4 72 11
4 76 66
4 78 37
4 80 75
4 81 20
4 82 86
4 84 62
4 86 11
4 87 23
4 88 87
4 89 64
4 90 39
4 91 47
4 92 19
4 93 35
4 95 84
4 96 83
4 97 77
4 98 1
4 99 13
5 2 57
5 6 74
5 7 90
5 8 23
5 9 62
5 10 89
5 12 83
5 13 68
5 18 39
5 19 1
5 20 31
5 21 72
5 22 92
5 23 14
5 24 62
5 25 26
5 26 19
5 28 75
5 30 46
5 31 27
5 32 38
5 33 67
5 34 94
5 35 84
5 36 46
5 37 38
5 39 67
5 40 53
5 42 32
5 43 41
5 44 19
5 45 8
5 46 76
5 48 39
5 49 77
5 51 39
5 54 13
5 55 25
5 56 71
5 57 20
5 58 42
5 59 13
5 61 56
5 62 51
5 63 100
5 64 8
5 65 8
5 66 52
5 68 79
5 69 97
5 70 21
5 71 50
5 73 6
5 74 76
5 76 39
5 77 38
5 78 95
5 79 8
5 80 49
5 81 43
5 82 57
5 83 79
5 84 70
5 87 9
5 88 26
5 89 32
5 90 8
5 91 93
5 92 64
5 95 46
5 96 16
5 97 64
5 98 15
5 99 24
6 1 24
6 2 40
6 3 5
6 4 88
6 5 74
6 7 79
6 8 30
6 9 39
6 10 83
6 11 44
6 12 67
6 13 89
6 14 2
6 15 44
6 16 63
6 17 72
6 18 81
6 19 4
6 20 43
6 21 95
6 22 100
6 24 28
6 25 78
6 27 43
6 28 42
6 29 2
6 30 91
6 32 71
6 33 38
6 35 11
6 36 64
6 37 85
6 38 73
6 39 83
6 40 20
6 41 57
6 43 65
6 44 75
6 45 95
6 46 43
6 47 77
6 48 31
6 49 82
6 50 50
6 51 44
6 52 35
6 53 51
6 56 93
6 57 54
6 61 66
6 62 8
6 63 71
6 64 7
6 67 76
6 68 67
6 69 88
6 70 5
6 71 2
6 72 32
6 73 64
6 74 55
6 75 94
6 77 30
6 78 77
6 79 62
6 80 58
6 81 34
6 84 37
6 85 53
6 86 46
6 89 65
6 90 35
6 91 86
6 92 100
6 93 5
6 94 67
6 95 70
6 96 24
6 97 79
6 98 84
6 99 73
7 2 44
7 3 100
7 4 63
7 5 90
7 6 79
7 8 13
7 9 34
7 10 33
7 11 60
7 13 76
7 14 78
7 15 35
7 16 41
7 17 26
7 18 70
7 19 48
7 20 91
7 21 76
7 22 72
7 23 46
7 24 76
7 25 9
7 26 23
7 27 99
7 28 13
7 29 66
7 30 38
7 32 29
7 33 7
7 35 27
7 36 34
7 37 46
7 38 18
7 39 80
7 40 18
7 41 97
7 42 9
7 43 45
7 44 45
7 45 16
7 46 91
7 47 11
7 49 43
7 51 61
7 52 82
7 53 42
7 54 21
7 55 100
7 56 28
7 57 67
7 58 97
7 59 74
7 60 52
7 62 10
7 63 44
7 64 59
7 66 65
7 67 23
7 68 57
7 69 97
7 70 56
7 71 50
7 72 42
7 73 31
7 74 23
7 75 10
7 76 37
7 78 57
7 79 28
7 80 35
7 81 10
7 82 80
7 83 95
7 84 45
7 85 43
7 86 1
7 87 7
7 88 26
7 89 11
7 90 13
7 91 74
7 93 12
7 94 1
7 96 36
7 97 72
7 98 51
7 99 68
8 1 69
8 2 72
8 3 98
8 4 6
8 5 23
8 6 30
8 7 13
8 9 24
8 11 83
8 12 51
8 13 38
8 15 86
8 16 34
8 17 56
8 18 22
8 19 18
8 20 52
8 21 100
8 22 77
8 24 46
8 25 26
8 27 28
8 28 98
8 29 56
8 30 13
8 31 59
8 32 55
8 34 29
8 36 97
8 37 43
8 38 96
8 40 36
8 42 78
8 43 67
8 44 94
8 45 68
8 46 81
8 47 7
8 48 1
8 49 40
8 51 24
8 52 67
8 53 6
8 54 77
8 56 16
8 58 60
8 59 78
8 60 55
8 62 1
8 63 82
8 64 41
8 65 81
8 67 66
8 68 31
8 69 16
8 70 86
8 71 47
8 73 92
8 74 40
8 76 92
8 77 66
8 81 18
8 82 54
8 84 75
8 85 88
8 86 39
8 87 50
8 88 55
8 89 72
8 90 25
8 91 95
8 92 60
8 93 57
8 94 35
8 95 90
8 96 92
8 97 59
8 98 71
8 99 33
9 1 70
9 2 55
9 3 16
9 4 64
9 5 62
9 6 39
9 7 34
9 8 24
9 10 74
9 11 51
9 12 19
9 15 54
9 16 73
9 17 50
9 18 45
9 20 62
9 21 61
9 22 89
9 23 1
9 24 61
9 25 35
9 26 71
9 28 5
9 29 79
9 30 30
9 31 61
9 33 87
9 35 39
9 38 21
9 39 28
9 40 91
9 42 22
9 43 57
9 44 20
9 46 22
9 48 34
9 50 5
9 51 51
9 52 13
9 53 28
9 54 2
9 55 94
9 57 55
9 59 83
9 60 32
9 61 83
9 62 46
9 63 100
9 64 20
9 65 58
9 68 26
9 69 54
9 70 47
9 71 18
9 73 66
9 74 29
9 75 52
9 76 7
9 77 72
9 78 71
9 80 62
9 83 70
9 84 4
9 85 20
9 86 54
9 87 1
9 88 80
9 89 33
9 90 81
9 91 90
9 92 61
9 93 52
9 94 14
9 96 45
9 98 4
10 2 58
10 3 53
10 4 88
10 5 89
10 6 83
10 7 33
10 9 74
10 11 30
10 12 79
10 13 15
10 14 31
10 15 44
10 16 81
10 17 1
10 18 14
10 19 94
10 20 32
10 22 25
10 23 62
10 24 89
10 25 77
10 26 17
10 27 90
10 29 54
10 30 2
10 31 76
10 32 53
10 33 12
10 34 24
10 35 30
10 36 94
10 37 38
10 38 20
10 39 37
10 40 64
10 41 81
10 42 76
10 44 60
10 45 84
10 46 12
10 47 56
10 48 15
10 49 36
10 50 22
10 53 68
10 54 73
10 55 89
10 56 59
10 57 90
10 58 22
10 59 1
10 60 44
10 61 1
10 62 44
10 63 37
10 65 98
10 66 18
10 67 25
10 68 20
10 69 14
10 70 59
10 71 9
10 72 39
10 73 22
10 74 90
10 75 25
10 77 98
10 80 26
10 81 72
10 82 36
10 83 8
10 84 1
10 85 8
10 86 9
10 87 36
10 88 29
10 89 69
10 90 31
10 92 14
10 93 39
10 94 23
10 97 56
11 1 34
11 2 88
11 3 69
11 4 69
11 6 44
11 7 60
11 8 83
11 9 51
11 10 30
11 12 90
11 13 59
11 14 89
11 17 84
11 18 26
11 19 39
11 20 36
11 22 44
11 23 88
11 24 56
11 25 29
11 26 48
11 27 3
11 30 14
11 31 3
11 33 35
11 34 19
11 35 71
11 36 58
11 37 4
11 41 95
11 42 84
11 43 25
11 45 87
11 46 22
11 47 39
11 48 11
11 49 2
11 50 87
11 51 44
11 52 38
11 53 41
11 54 60
11 55 28
11 56 34
11 57 5
11 58 46
11 59 6
11 60 36
11 61 43
11 63 37
11 64 32
11 65 39
11 66 90
11 68 91
11 69 89
11 70 44
11 72 96
11 73 60
11 74 99
11 75 66
11 77 73
11 78 26
11 79 84
11 80 55
11 82 1
11 83 50
11 84 90
11 86 39
11 87 54
11 88 44
11 89 22
11 90 59
11 91 59
11 92 41
11 94 74
11 97 54
11 98 4
11 99 49
12 2 5
12 3 27
12 4 7
12 5 83
12 6 67
12 8 51
12 9 19
12 10 79
12 11 90
12 14 53
12 15 37
12 16 94
12 17 37
12 18 26
12 19 10
12 20 25
12 21 12
12 23 20
12 25 54
12 26 82
12 27 84
12 28 39
12 29 39
12 30 26
12 32 43
12 33 18
12 34 17
12 35 61
12 36 52
12 37 92
12 38 47
12 39 2
12 41 96
12 42 45
12 43 69
12 44 80
12 46 60
12 48 1
12 49 77
12 50 20
12 51 21
12 52 61
12 53 64
12 54 56
12 55 53
12 56 15
12 57 72
12 58 63
12 60 25
12 62 47
12 63 73
12 64 74
12 67 58
12 68 20
12 69 58
12 70 10
12 72 68
12 73 22
12 75 81
12 76 7
12 77 76
12 79 95
12 80 77
12 82 65
12 83 32
12 84 85
12 86 34
12 87 37
12 88 89
12 89 9
12 92 54
12 93 68
12 95 51
12 96 80
12 98 97
12 99 89
13 1 22
13 3 5
13 4 3
13 5 68
13 6 89
13 7 76
13 8 38
13 10 15
13 11 59
13 14 62
13 15 78
13 16 44
13 17 30
13 19 50
13 20 49
13 21 25
13 22 6
13 23 62
13 24 65
13 25 81
13 26 98
13 27 61
13 28 62
13 29 12
13 30 35
13 31 5
13 32 88
13 34 1
13 37 1
13 38 100
13 39 62
13 41 61
13 42 96
13 43 75
13 45 54
13 46 56
13 47 77
13 48 83
13 50 24
13 51 35
13 52 24
13 53 60
13 54 37
13 55 39
13 56 50
13 57 16
13 58 91
13 59 98
13 60 39
13 61 95
13 62 30
13 65 64
13 67 48
13 68 23
13 69 57
13 70 37
13 71 36
13 72 92
13 73 51
13 74 3
13 75 77
13 76 51
13 78 1
13 79 62
13 80 66
13 81 32
13 82 27
13 87 92
13 89 49
13 91 9
13 92 55
13 93 19
13 94 61
13 95 12
13 96 9
13 97 31
13 98 88
13 99 21
14 1 74
14 2 76
14 3 56
14 4 78
14 6 2
14 7 78
14 10 31
14 11 89
14 12 53
14 13 62
14 15 99
14 16 90
14 17 68
14 19 93
14 20 20
14 21 65
14 23 59
14 24 91
14 25 64
14 26 65
14 28 75
14 29 93
14 30 7
14 32 51
14 34 100
14 35 6
14 36 59
14 38 82
14 40 91
14 41 26
14 42 30
14 43 8
14 44 61
14 45 8
14 46 34
14 47 80
14 49 68
14 52 57
14 53 40
14 54 27
14 55 13
14 57 35
14 58 11
14 59 33
14 61 8
14 62 87
14 63 96
14 66 99
14 67 61
14 69 2
14 70 69
14 71 100
14 72 47
14 73 16
14 74 33
14 75 36
14 76 46
14 77 61
14 78 97
14 79 42
14 80 19
14 82 40
14 83 64
14 84 74
14 85 19
14 86 77
14 87 92
14 88 48
14 89 61
14 90 71
14 91 38
14 92 45
14 93 93
14 94 67
14 95 41
14 96 87
14 99 3
15 1 26
15 2 49
15 3 46
15 4 31
15 6 44
15 7 35
15 8 86
15 9 54
15 10 44
15 12 37
15 13 78
15 14 99
15 18 50
15 19 20
15 20 76
15 21 31
15 22 68
15 23 40
15 24 34
15 25 68
15 26 43
15 28 96
15 30 88
15 31 6
15 32 78
15 33 20
15 34 10
15 35 62
15 36 60
15 37 22
15 38 61
15 39 61
15 40 90
15 43 54
15 44 53
15 45 25
15 46 92
15 47 24
15 48 5
15 49 9
15 51 67
15 52 4
15 53 79
15 54 75
15 55 95
15 56 36
15 57 89
15 58 25
15 59 3
15 61 31
15 63 80
15 64 42
15 65 48
15 66 79
15 67 61
15 68 90
15 69 74
15 70 62
15 71 31
15 72 15
15 73 7
15 74 19
15 75 81
15 77 56
15 78 50
15 79 61
15 80 55
15 81 85
15 83 63
15 84 41
15 85 100
15 89 99
15 90 1
15 91 47
15 93 15
15 94 80
15 96 82
15 98 80
15 99 6
16 1 31
16 2 17
16 3 86
16 6 63
16 7 41
16 8 34
16 9 73
16 10 81
16 12 94
16 13 44
16 14 90
16 17 90
16 18 21
16 19 42
16 21 80
16 22 100
16 25 24
16 26 60
16 27 95
16 29 34
16 30 98
16 32 82
16 33 14
16 34 90
16 35 31
16 36 12
16 37 4
16 38 67
16 39 68
16 40 84
16 41 28
16 42 66
16 43 37
16 44 53
16 46 90
16 49 45
16 50 83
16 52 61
16 53 91
16 55 82
16 56 96
16 57 12
16 58 27
16 59 80
16 61 42
16 62 39
16 64 37
16 66 45
16 67 51
16 68 97
16 69 74
16 70 88
16 72 74
16 73 93
16 74 67
16 78 13
16 80 29
16 81 25
16 82 64
16 83 72
16 85 38
16 86 59
16 87 74
16 88 19
16 89 71
16 90 62
16 91 47
16 93 80
16 94 53
16 95 26
16 98 37
16 99 48
17 1 65
17 3 38
17 4 19
17 6 72
17 7 26
17 8 56
17 9 50
17 10 1
17 11 84
17 12 37
17 13 30
17 14 68
17 16 90
17 19 27
17 21 59
17 22 48
17 23 63
17 24 94
17 25 17
17 27 22
17 29 46
17 30 95
17 31 32
17 32 64
17 33 66
17 34 92
17 35 25
17 36 66
17 37 36
17 38 61
17 39 89
17 40 6
17 41 75
17 42 49
17 43 52
17 45 78
17 47 37
17 48 30
17 49 29
17 50 52
17 51 14
17 52 91
17 53 26
17 54 75
17 56 23
17 57 98
17 59 57
17 62 39
17 64 43
17 65 51
17 67 37
17 69 51
17 72 1
17 73 66
17 74 6
17 75 78
17 76 75
17 77 36
17 78 41
17 79 74
17 80 80
17 81 35
17 82 61
17 83 12
17 84 68
17 85 89
17 86 55
17 87 35
17 89 88
17 92 22
17 93 99
17 94 69
17 96 65
17 97 75
17 98 36
17 99 46
18 1 42
18 2 99
18 3 84
18 4 87
18 5 39
18 6 81
18 7 70
18 8 22
18 9 45
18 10 14
18 11 26
18 12 26
18 15 50
18 16 21
18 19 14
18 21 54
18 22 7
18 23 65
18 24 76
18 25 15
18 26 37
18 27 22
18 28 52
18 30 72
18 31 55
18 33 87
18 35 8
18 38 53
18 40 11
18 41 79
18 42 76
18 43 99
18 44 52
18 46 37
18 47 50
18 48 37
18 50 40
18 52 43
18 53 89
18 54 7
18 55 68
18 56 57
18 58 6
18 59 94
18 60 86
18 61 81
18 62 30
18 63 11
18 64 52
18 66 97
18 67 76
18 68 55
18 69 10
18 71 14
18 73 8
18 74 1
18 75 7
18 76 40
18 77 26
18 78 48
18 79 26
18 80 45
18 81 38
18 82 14
18 83 13
18 84 13
18 85 94
18 86 30
18 89 74
18 90 48
18 91 91
18 92 6
18 93 63
18 94 27
18 95 16
18 97 12
18 98 27
18 99 95
19 2 16
19 3 85
19 4 2
19 5 1
19 6 4
19 7 48
19 8 18
19 10 94
19 11 39
19 12 10
19 13 50
19 14 93
19 15 20
19 16 42
19 17 27
19 18 14
19 20 30
19 21 32
19 22 40
19 23 91
19 24 54
19 25 42
19 26 82
19 27 97
19 28 80
19 29 69
19 30 66
19 31 53
19 32 63
19 34 69
19 36 59
19 38 72
19 39 11
19 40 70
19 41 20
19 42 36
19 43 20
19 44 71
19 45 64
19 46 37
19 47 58
19 48 90
19 49 3
19 50 15
19 52 77
19 53 71
19 54 41
19 56 14
19 57 97
19 58 70
19 59 14
19 60 81
19 61 82
19 62 9
19 63 76
19 64 40
19 66 24
19 67 98
19 68 46
19 69 66
19 70 49
19 72 70
19 75 17
19 78 68
19 79 74
19 80 2
19 81 50
19 82 15
19 83 4
19 85 31
19 86 52
19 87 87
19 89 90
19 90 31
19 92 65
19 93 60
19 94 43
19 96 80
19 97 79
19 98 1
19 99 29
20 1 41
20 2 100
20 3 14
20 5 31
20 6 43
20 7 91
20 8 52
20 9 62
20 10 32
20 11 36
20 12 25
20 13 49
20 14 20
20 15 76
20 19 30
20 21 58
20 22 79
20 23 42
20 25 73
20 26 55
20 28 84
20 29 76
20 30 91
20 31 26
20 36 27
20 37 82
20 38 92
20 40 74
20 41 69
20 42 60
20 44 48
20 45 45
20 46 61
20 47 23
20 48 81
20 49 90
20 50 80
20 51 94
20 52 29
20 53 11
20 54 92
20 56 66
20 57 24
20 58 7
20 59 7
20 60 14
20 62 56
20 63 48
20 65 34
20 66 61
20 67 85
20 68 59
20 69 73
20 70 93
20 71 100
20 73 49
20 74 99
20 75 62
20 76 16
20 77 80
20 78 91
20 79 89
20 80 84
20 81 14
20 82 79
20 83 31
20 84 19
20 86 95
20 87 68
20 88 90
20 89 82
20 91 98
20 92 50
20 93 89
20 95 23
20 96 46
20 98 36
20 99 5
21 2 31
21 3 96
21 5 72
21 6 95
21 7 76
21 8 100
21 9 61
21 12 12
21 13 25
21 14 65
21 15 31
21 16 80
21 17 59
21 18 54
21 19 32
21 20 58
21 22 77
21 23 87
21 24 31
21 25 98
21 26 43
21 28 72
21 29 5
21 30 19
21 32 7
21 34 15
21 38 98
21 39 20
21 40 81
21 42 50
21 43 75
21 44 49
21 45 98
21 46 57
21 47 72
21 48 49
21 49 78
21 50 33
21 51 85
21 52 65
21 53 19
21 55 32
21 56 10
21 58 52
21 59 61
21 60 38
21 62 65
21 63 4
21 64 25
21 65 64
21 68 53
21 71 32
21 72 10
21 73 63
21 74 13
21 75 20
21 76 55
21 77 24
21 78 94
21 79 65
21 81 45
21 82 37
21 83 10
21 84 17
21 85 39
21 86 34
21 87 55
21 88 82
21 90 83
21 92 65
21 93 58
21 94 9
21 95 55
21 97 4
21 98 85
21 99 81
22 1 50
22 2 100
22 3 18
22 5 92
22 6 100
22 7 72
22 8 77
22 9 89
22 10 25
22 11 44
22 13 6
22 15 68
22 16 100
22 17 48
22 18 7
22 19 40
22 20 79
22 21 77
22 23 51
22 25 37
22 26 5
22 27 74
22 29 89
22 30 56
22 32 36
22 33 54
22 34 8
22 35 73
22 37 71
22 38 8
22 39 70
22 40 99
22 41 16
22 42 2
22 43 91
22 44 74
22 45 56
22 47 5
22 48 24
22 49 75
22 50 27
22 51 22
22 52 11
22 53 56
22 54 27
22 56 4
22 57 94
22 58 78
22 59 24
22 60 71
22 61 17
22 62 60
22 65 36
22 68 63
22 69 17
22 71 59
22 72 17
22 73 77
22 74 12
22 75 56
22 76 68
22 77 60
22 78 57
22 82 90
22 84 4
22 86 3
22 87 46
22 88 20
22 90 69
22 91 10
22 92 61
22 93 61
22 94 43
22 96 93
22 97 50
22 99 92
23 2 68
23 3 49
23 4 46
23 5 14
23 7 46
23 9 1
23 10 62
23 11 88
23 12 20
23 13 62
23 14 59
23 15 40
23 17 63
23 18 65
23 19 91
23 20 42
23 21 87
23 22 51
23 24 35
23 25 97
23 28 21
23 31 42
23 32 24
23 33 73
23 34 93
23 35 42
23 36 3
23 38 82
23 39 18
23 40 55
23 42 54
23 43 59
23 44 22
23 45 22
23 47 54
23 48 79
23 50 17
23 51 92
23 52 61
23 53 92
23 54 1
23 55 32
23 56 62
23 57 41
23 58 5
23 59 22
23 60 5
23 61 85
23 63 81
23 64 81
23 65 81
23 66 79
23 67 46
23 68 100
23 69 26
23 71 45
23 72 16
23 74 15
23 75 58
23 76 12
23 77 41
23 78 68
23 79 56
23 80 28
23 81 25
23 82 23
23 83 82
23 84 24
23 85 19
23 86 52
23 87 63
23 88 62
23 89 63
23 90 13
23 91 100
23 93 86
23 94 6
23 95 41
23 96 27
23 97 70
23 98 50
24 1 15
24 2 89
24 3 44
24 4 36
24 5 62
24 6 28
24 7 76
24 8 46
24 9 61
24 10 89
24 11 56
24 13 65
24 14 91
24 15 34
24 17 94
24 18 76
24 19 54
24 21 31
24 23 35
24 25 69
24 26 63
24 27 40
24 28 45
24 29 23
24 30 16
24 31 31
24 32 31
24 33 47
24 36 50
24 37 12
24 38 53
24 39 64
24 40 12
24 41 20
24 42 83
24 43 32
24 44 34
24 45 22
24 46 49
24 47 17
24 49 59
24 51 27
24 53 34
24 55 2
24 56 87
24 57 18
24 59 27
24 60 48
24 61 9
24 62 7
24 63 56
24 64 31
24 65 34
24 67 72
24 68 98
24 69 7
24 71 41
24 72 13
24 73 17
24 75 83
24 76 92
24 79 38
24 80 68
24 81 26
24 83 91
24 86 47
24 87 76
24 88 91
24 89 98
24 91 10
24 92 92
24 93 8
24 94 8
24 95 57
24 98 49
24 99 63
25 2 34
25 3 60
25 4 81
25 5 26
25 6 78
25 7 9
25 8 26
25 9 35
25 10 77
25 11 29
25 12 54
25 13 81
25 14 64
25 15 68
25 16 24
25 17 17
25 18 15
25 19 42
25 20 73
25 21 98
25 22 37
25 23 97
25 24 69
25 26 65
25 28 45
25 29 1
25 30 9
25 31 9
25 32 11
25 33 51
25 34 39
25 36 57
25 37 99
25 38 43
25 39 44
25 40 33
25 41 58
25 42 96
25 43 83
25 45 23
25 46 68
25 47 41
25 48 28
25 49 1
25 50 74
25 51 6
25 53 67
25 54 58
25 55 7
25 56 50
25 57 27
25 58 39
25 59 87
25 60 1
25 61 9
25 62 77
25 63 70
25 65 69
25 66 73
25 67 27
25 68 11
25 70 78
25 71 1
25 72 80
25 73 48
25 74 83
25 77 44
25 78 83
25 79 37
25 80 7
25 81 7
25 82 45
25 83 82
25 84 53
25 85 77
25 86 4
25 87 56
25 88 19
25 89 87
25 90 4
25 93 35
25 94 36
25 95 88
25 96 98
25 97 53
25 99 39
26 1 36
26 4 87
26 5 19
26 7 23
26 9 71
26 10 17
26 11 48
26 12 82
26 13 98
26 14 65
26 15 43
26 16 60
26 18 37
26 19 82
26 20 55
26 21 43
26 22 5
26 24 63
26 25 65
26 27 22
26 28 58
26 29 25
26 30 44
26 31 85
26 32 40
26 33 15
26 34 50
26 35 12
26 37 63
26 38 80
26 39 57
26 40 78
26 41 71
26 43 31
26 45 73
26 46 82
26 48 97
26 49 72
26 50 59
26 51 1
26 52 10
26 53 74
26 54 65
26 56 76
26 57 25
26 58 92
26 59 78
26 60 89
26 63 10
26 64 64
26 66 78
26 67 9
26 68 5
26 70 66
26 71 8
26 72 37
26 73 26
26 75 69
26 77 12
26 78 29
26 80 28
26 81 86
26 82 18
26 83 45
26 84 39
26 85 67
26 86 27
26 87 83
26 88 44
26 89 66
26 91 70
26 92 83
26 93 17
26 94 2
26 97 76
26 98 84
26 99 93
27 1 53
27 2 59
27 3 80
27 4 93
27 6 43
27 7 99
27 8 28
27 10 90
27 11 3
27 12 84
27 13 61
27 16 95
27 17 22
27 18 22
27 19 97
27 22 74
27 24 40
27 26 22
27 28 70
27 29 59
27 31 19
27 32 27
27 33 99
27 34 63
27 35 58
27 36 70
27 37 14
27 38 24
27 39 56
27 40 99
27 41 99
27 42 28
27 43 5
27 44 92
27 45 8
27 46 18
27 48 85
27 49 96
27 51 100
27 52 74
27 54 25
27 55 43
27 57 78
27 58 16
27 59 2
27 61 91
27 62 51
27 63 56
27 64 29
27 65 50
27 66 80
27 68 61
27 69 66
27 70 32
27 71 91
27 72 32
27 73 43
27 74 5
27 76 53
27 77 12
27 78 92
27 79 29
27 80 37
27 81 29
27 82 51
27 83 75
27 85 73
27 86 19
27 87 5
27 88 81
27 89 45
27 90 100
27 91 10
27 92 84
27 94 8
27 96 44
27 98 82
27 99 37
28 1 70
28 2 97
28 3 18
28 4 77
28 5 75
28 6 42
28 7 13
28 8 98
28 9 5
28 12 39
28 13 62
28 14 75
28 15 96
28 18 52
28 19 80
28 20 84
28 21 72
28 23 21
28 24 45
28 25 45
28 26 58
28 27 70
28 29 30
28 30 40
28 31 93
28 32 54
28 34 77
28 35 66
28 36 6
28 37 45
28 38 3
28 40 18
28 41 47
28 42 82
28 43 72
28 44 15
28 45 94
28 46 78
28 47 12
28 48 41
28 50 52
28 52 96
28 53 45
28 54 70
28 55 21
28 56 29
28 57 50
28 58 4
28 59 79
28 60 66
28 61 70
28 62 92
28 63 98
28 64 64
28 65 12
28 66 11
28 67 69
28 69 8
28 70 45
28 71 23
28 72 11
28 73 27
28 74 58
28 75 42
28 76 20
28 77 46
28 78 91
28 79 55
28 80 15
28 81 46
28 83 48
28 85 28
28 86 10
28 87 58
28 88 58
28 89 80
28 90 76
28 91 70
28 92 55
28 93 76
28 94 63
28 95 100
28 96 50
28 98 71
28 99 8
29 1 52
29 2 56
29 3 49
29 4 34
29 6 2
29 7 66
29 8 56
29 9 79
29 10 54
29 12 39
29 13 12
29 14 93
29 16 34
29 17 46
29 19 69
29 20 76
29 21 5
29 22 89
29 24 23
29 25 1
29 26 25
29 27 59
29 28 30
29 30 6
29 31 63
29 33 41
29 34 56
29 35 72
29 37 7
29 38 2
29 39 71
29 40 48
29 41 93
29 42 74
29 44 42
29 45 48
29 47 76
29 50 53
29 51 66
29 52 18
29 53 87
29 54 31
29 55 100
29 56 39
29 58 23
29 59 47
29 60 86
29 63 65
29 64 48
29 67 24
29 68 35
29 69 37
29 70 53
29 71 72
29 72 98
29 73 57
29 75 95
29 77 69
29 78 65
29 81 11
29 82 79
29 83 48
29 84 10
29 86 2
29 87 75
29 88 51
29 89 62
29 90 88
29 91 24
29 92 64
29 93 23
29 94 95
29 95 58
29 96 25
29 97 87
29 99 5
30 2 85
30 3 97
30 4 31
30 5 46
30 6 91
30 7 38
30 8 13
30 9 30
30 10 2
30 11 14
30 12 26
30 13 35
30 14 7
30 15 88
30 16 98
30 17 95
30 18 72
30 19 66
30 20 91
30 21 19
30 22 56
30 24 16
30 25 9
30 26 44
30 28 40
30 29 6
30 31 7
30 32 27
30 33 5
30 34 25
30 35 59
30 36 40
30 37 73
30 38 82
30 39 58
30 40 75
30 42 4
30 43 20
30 44 55
30 45 31
30 46 69
30 47 67
30 48 56
30 49 20
30 50 76
30 51 92
30 52 26
30 53 21
30 54 34
30 55 96
30 56 43
30 57 35
30 58 59
30 59 64
30 61 99
30 62 96
30 63 63
30 64 77
30 65 10
30 66 39
30 67 57
30 68 38
30 69 96
30 70 68
30 71 86
30 72 70
30 73 55
30 74 72
30 76 27
30 77 73
30 78 23
30 79 91
30 83 28
30 86 64
30 87 43
30 88 34
30 89 92
30 92 23
30 93 94
30 95 99
30 96 23
30 97 64
30 98 13
31 2 25
31 3 8
31 5 27
31 8 59
31 9 61
31 10 76
31 11 3
31 13 5
31 15 6
31 17 32
31 18 55
31 19 53
31 20 26
31 23 42
31 24 31
31 25 9
31 26 85
31 27 19
31 28 93
31 29 63
31 30 7
31 32 23
31 33 50
31 36 67
31 37 53
31 38 81
31 41 15
31 43 28
31 44 18
31 45 89
31 46 94
31 47 22
31 49 72
31 50 28
31 51 93
31 52 61
31 53 52
31 54 7
31 55 10
31 56 10
31 57 54
31 58 32
31 59 70
31 60 86
31 61 59
31 62 92
31 63 90
31 65 92
31 66 53
31 67 27
31 68 32
31 70 48
31 74 26
31 76 66
31 78 22
31 79 98
31 81 83
31 82 61
31 84 79
31 85 100
31 86 54
31 87 63
31 88 38
31 90 77
31 91 33
31 92 52
31 93 63
31 95 61
31 96 83
31 97 85
31 98 3
31 99 53
32 1 43
32 2 40
32 3 89
32 4 27
32 5 38
32 6 71
32 7 29
32 8 55
32 10 53
32 12 43
32 13 88
32 14 51
32 15 78
32 16 82
32 17 64
32 19 63
32 21 7
32 22 36
32 23 24
32 24 31
32 25 11
32 26 40
32 27 27
32 28 54
32 30 27
32 31 23
32 35 49
32 36 79
32 37 23
32 38 17
32 39 40
32 40 43
32 41 28
32 42 91
32 43 85
32 44 25
32 45 84
32 47 18
32 48 42
32 51 37
32 54 76
32 55 56
32 56 88
32 60 53
32 61 36
32 62 82
32 63 97
32 65 59
32 66 35
32 67 70
32 68 1
32 70 9
32 71 5
32 74 12
32 76 34
32 77 44
32 79 77
32 80 44
32 82 74
32 83 43
32 84 36
32 85 87
32 86 74
32 87 49
32 89 2
32 90 26
32 91 39
32 92 32
32 93 31
32 95 65
32 99 53
33 1 57
33 3 94
33 4 41
33 5 67
33 6 38
33 7 7
33 9 87
33 10 12
33 11 35
33 12 18
33 15 20
33 16 14
33 17 66
33 18 87
33 22 54
33 23 73
33 24 47
33 25 51
33 26 15
33 27 99
33 29 41
33 30 5
33 31 50
33 34 48
33 35 51
33 36 53
33 37 86
33 38 66
33 39 87
33 40 4
33 41 46
33 42 57
33 43 32
33 44 17
33 45 80
33 46 26
33 49 16
33 50 59
33 51 68
33 52 52
33 55 97
33 56 57
33 57 75
33 58 76
33 59 52
33 60 67
33 61 72
33 62 6
33 63 22
33 64 29
33 65 90
33 66 89
33 67 1
33 68 43
33 70 79
33 71 47
33 72 95
33 73 20
33 74 58
33 75 4
33 77 88
33 78 10
33 79 97
33 80 51
33 81 53
33 82 6
33 85 4
33 86 28
33 87 32
33 88 46
33 90 48
33 91 33
33 92 29
33 93 35
33 94 39
33 95 53
33 96 99
33 98 15
34 1 31
34 2 87
34 4 11
34 5 94
34 8 29
34 10 24
34 11 19
34 12 17
34 13 1
34 14 100
34 15 10
34 16 90
34 17 92
34 19 69
34 21 15
34 22 8
34 23 93
34 25 39
34 26 50
34 27 63
34 28 77
34 29 56
34 30 25
34 33 48
34 35 79
34 36 80
34 37 39
34 39 33
34 40 80
34 41 30
34 42 45
34 43 95
34 44 89
34 45 76
34 47 59
34 48 53
34 49 96
34 50 36
34 51 77
34 55 99
34 56 37
34 57 76
34 58 56
34 59 77
34 60 48
34 61 17
34 62 78
34 63 75
34 64 7
34 66 91
34 67 82
34 69 5
34 70 15
34 72 63
34 74 39
34 76 31
34 77 38
34 78 27
34 79 88
34 80 17
34 81 45
34 82 86
34 83 33
34 84 79
34 85 64
34 86 71
34 87 61
34 88 10
34 90 50
34 91 74
34 92 80
34 93 27
34 94 35
34 95 62
34 96 16
34 97 54
34 98 39
34 99 7
35 1 37
35 3 38
35 4 36
35 5 84
35 6 11
35 7 27
35 9 39
35 10 30
35 11 71
35 12 61
35 14 6
35 15 62
35 16 31
35 17 25
35 18 8
35 22 73
35 23 42
35 26 12
35 27 58
35 28 66
35 29 72
35 30 59
35 32 49
35 33 51
35 34 79
35 39 63
35 40 40
35 41 88
35 43 27
35 44 98
35 47 45
35 48 60
35 49 89
35 51 73
35 53 5
35 54 43
35 56 64
35 57 70
35 59 61
35 60 83
35 61 11
35 62 38
35 64 58
35 66 47
35 67 47
35 68 19
35 69 1
35 70 63
35 71 94
35 72 76
35 74 73
35 75 22
35 76 46
35 77 61
35 78 65
35 79 29
35 81 73
35 82 19
35 84 30
35 85 71
35 87 49
35 89 7
35 90 41
35 91 54
35 92 56
35 93 87
35 94 86
35 95 84
35 97 90
35 98 39
35 99 22
36 1 19
36 2 81
36 3 76
36 4 78
36 5 46
36 6 64
36 7 34
36 8 97
36 10 94
36 11 58
36 12 52
36 14 59
36 15 60
36 16 12
36 17 66
36 19 59
36 20 27
36 23 3
36 24 50
36 25 57
36 27 70
36 28 6
36 30 40
36 31 67
36 32 79
36 33 53
36 34 80
36 37 28
36 38 28
36 39 47
36 40 93
36 41 58
36 42 75
36 43 61
36 44 33
36 45 71
36 46 55
36 47 7
36 49 12
36 50 68
36 51 34
36 52 11
36 54 48
36 55 58
36 56 6
36 58 4
36 59 66
36 61 85
36 62 39
36 63 11
36 64 60
36 65 47
36 66 42
36 67 99
36 68 67
36 69 60
36 70 56
36 71 80
36 72 22
36 73 83
36 74 2
36 76 31
36 78 48
36 79 89
36 81 93
36 82 50
36 83 79
36 84 61
36 85 96
36 86 89
36 87 71
36 88 33
36 89 33
36 91 23
36 92 28
36 93 85
36 95 66
36 96 51
36 97 5
36 98 96
37 1 66
37 2 60
37 3 63
37 4 49
37 5 38
37 6 85
37 7 46
37 8 43
37 10 38
37 11 4
37 12 92
37 13 1
37 15 22
37 16 4
37 17 36
37 20 82
37 22 71
37 24 12
37 25 99
37 26 63
37 27 14
37 28 45
37 29 7
37 30 73
37 31 53
37 32 23
37 33 86
37 34 39
37 36 28
37 38 19
37 39 57
37 40 55
37 42 50
37 43 58
37 45 74
37 46 93
37 47 31
37 48 39
37 49 81
37 50 24
37 51 98
37 52 84
37 54 40
37 55 34
37 56 86
37 57 27
37 58 12
37 59 4
37 60 52
37 61 2
37 62 85
37 63 67
37 64 87
37 65 1
37 66 67
37 67 93
37 69 52
37 70 81
37 71 45
37 72 3
37 73 22
37 74 54
37 75 47
37 76 3
37 77 52
37 78 39
37 79 87
37 80 5
37 81 97
37 82 73
37 83 42
37 84 69
37 85 29
37 86 47
37 87 50
37 88 6
37 89 51
37 90 53
37 91 64
37 92 38
37 93 7
37 94 31
37 95 53
37 96 74
37 97 38
37 98 49
37 99 62
38 1 84
38 2 19
38 3 32
38 4 23
38 6 73
38 7 18
38 8 96
38 9 21
38 10 20
38 12 47
38 13 100
38 14 82
38 15 61
38 16 67
38 17 61
38 18 53
38 19 72
38 20 92
38 21 98
38 22 8
38 23 82
38 24 53
38 25 43
38 26 80
38 27 24
38 28 3
38 29 2
38 30 82
38 31 81
38 32 17
38 33 66
38 36 28
38 37 19
38 39 83
38 40 3
38 41 41
38 42 81
38 43 41
38 44 86
38 46 2
38 47 93
38 48 46
38 50 79
38 51 90
38 53 70
38 54 13
38 55 37
38 56 3
38 57 94
38 60 60
38 61 66
38 62 96
38 63 61
38 64 84
38 65 31
38 67 34
38 69 70
38 71 52
38 72 57
38 73 77
38 74 34
38 75 84
38 76 64
38 77 14
38 78 81
38 79 98
38 80 70
38 83 62
38 84 61
38 85 62
38 86 16
38 89 26
38 90 87
38 91 27
38 92 17
38 93 45
38 95 52
38 96 31
38 97 85
38 98 72
38 99 51
39 1 31
39 2 98
39 3 77
39 4 50
39 5 67
39 6 83
39 7 80
39 9 28
39 10 37
39 12 2
39 13 62
39 15 61
39 16 68
39 17 89
39 19 11
39 21 20
39 22 70
39 23 18
39 24 64
39 25 44
39 26 57
39 27 56
39 29 71
39 30 58
39 32 40
39 33 87
39 34 33
39 35 63
39 36 47
39 37 57
39 38 83
39 40 66
39 42 45
39 43 66
39 44 55
39 46 58
39 47 30
39 49 95
39 52 85
39 54 63
39 55 73
39 57 75
39 60 56
39 61 6
39 62 49
39 63 79
39 66 82
39 67 75
39 68 80
39 69 60
39 71 52
39 72 10
39 73 73
39 74 94
39 75 54
39 76 16
39 77 23
39 79 61
39 80 83
39 81 22
39 82 92
39 83 29
39 84 42
39 85 99
39 86 82
39 87 14
39 88 46
39 89 72
39 93 11
39 94 56
39 95 22
39 97 33
39 98 8
40 1 16
40 3 48
40 5 53
40 6 20
40 7 18
40 8 36
40 9 91
40 10 64
40 14 91
40 15 90
40 16 84
40 17 6
40 18 11
40 19 70
40 20 74
40 21 81
40 22 99
40 23 55
40 24 12
40 25 33
40 26 78
40 27 99
40 28 18
40 29 48
40 30 75
40 32 43
40 33 4
40 34 80
40 35 40
40 36 93
40 37 55
40 38 3
40 39 66
40 41 64
40 42 85
40 43 100
40 45 76
40 46 87
40 47 53
40 48 43
40 49 49
40 50 97
40 51 2
40 52 54
40 53 19
40 54 85
40 55 41
40 56 72
40 57 19
40 58 38
40 59 66
40 60 94
40 61 33
40 62 57
40 63 45
40 64 30
40 65 55
40 66 77
40 67 53
40 68 66
40 69 64
40 71 34
40 72 66
40 73 47
40 74 51
40 75 31
40 76 50
40 77 42
40 78 68
40 79 73
40 80 2
40 81 62
40 82 31
40 83 42
40 84 89
40 85 82
40 87 73
40 88 21
40 89 96
40 90 57
40 91 63
40 92 17
40 93 32
40 94 42
40 96 43
40 97 37
40 98 91
40 99 61
41 1 1
41 2 92
41 6 57
41 7 97
41 10 81
41 11 95
41 12 96
41 13 61
41 14 26
41 16 28
41 17 75
41 18 79
41 19 20
41 20 69
41 22 16
41 24 20
41 25 58
41 26 71
41 27 99
41 28 47
41 29 93
41 31 15
41 32 28
41 33 46
41 34 30
41 35 88
41 36 58
41 38 41
41 40 64
41 42 69
41 43 5
41 44 41
41 45 9
41 46 74
41 47 25
41 48 35
41 49 26
41 51 14
41 52 50
41 53 59
41 54 34
41 55 26
41 56 38
41 58 6
41 60 71
41 61 83
41 62 25
41 63 71
41 64 71
41 65 13
41 66 55
41 67 42
41 68 47
41 69 21
41 70 11
41 71 76
41 72 10
41 73 54
41 74 64
41 75 59
41 76 13
41 77 35
41 78 26
41 79 13
41 80 65
41 82 86
41 83 54
41 85 98
41 86 35
41 87 58
41 88 57
41 89 77
41 90 60
41 91 86
41 92 99
41 95 94
41 96 61
41 97 59
41 99 58
42 1 44
42 2 90
42 3 89
42 4 43
42 5 32
42 7 9
42 8 78
42 9 22
42 10 76
42 11 84
42 12 45
42 13 96
42 14 30
42 16 66
42 17 49
42 18 76
42 19 36
42 20 60
42 21 50
42 22 2
42 23 54
42 24 83
42 25 96
42 27 28
42 28 82
42 29 74
42 30 4
42 32 91
42 33 57
42 34 45
42 36 75
42 37 50
42 38 81
42 39 45
42 40 85
42 41 69
42 44 96
42 45 26
42 46 26
42 47 13
42 48 81
42 49 91
42 50 76
42 51 6
42 52 7
42 53 63
42 54 56
42 55 16
42 57 87
42 58 88
42 59 45
42 60 23
42 61 69
42 62 34
42 63 46
42 64 48
42 66 8
42 67 98
42 68 31
42 69 87
42 70 18
42 71 58
42 72 71
42 73 23
42 74 94
42 75 26
42 76 35
42 78 73
42 79 16
42 81 1
42 82 86
42 85 68
42 88 44
42 89 94
42 91 70
42 92 36
42 93 20
42 94 41
42 95 89
42 97 94
42 99 87
43 1 94
43 2 32
43 3 69
43 4 9
43 5 41
43 6 65
43 7 45
43 8 67
43 9 57
43 11 25
43 12 69
43 13 75
43 14 8
43 15 54
43 16 37
43 17 52
43 18 99
43 19 20
43 21 75
43 22 91
43 23 59
43 24 32
43 25 83
43 26 31
43 27 5
43 28 72
43 30 20
43 31 28
43 32 85
43 33 32
43 34 95
43 35 27
43 36 61
43 37 58
43 38 41
43 39 66
43 40 100
43 41 5
43 44 92
43 45 14
43 46 50
43 47 15
43 50 81
43 51 47
43 53 26
43 55 1
43 56 41
43 57 12
43 59 58
43 60 26
43 61 29
43 62 14
43 64 67
43 66 55
43 67 69
43 68 48
43 69 69
43 70 56
43 71 75
43 72 15
43 75 60
43 76 68
43 78 31
43 79 55
43 80 85
43 82 100
43 83 24
43 84 99
43 85 19
43 86 11
43 87 77
43 89 86
43 90 78
43 92 67
43 93 46
43 94 88
43 95 41
43 96 96
43 97 68
43 99 73
44 1 53
44 2 63
44 3 57
44 4 60
44 5 19
44 6 75
44 7 45
44 8 94
44 9 20
44 10 60
44 12 80
44 14 61
44 15 53
44 16 53
44 18 52
44 19 71
44 20 48
44 21 49
44 22 74
44 23 22
44 24 34
44 27 92
44 28 15
44 29 42
44 30 55
44 31 18
44 32 25
44 33 17
44 34 89
44 35 98
44 36 33
44 38 86
44 39 55
44 41 41
44 42 96
44 43 92
44 45 44
44 46 23
44 48 84
44 49 67
44 50 68
44 51 44
44 52 32
44 53 30
44 54 33
44 55 61
44 56 38
44 57 3
44 58 25
44 59 85
44 60 89
44 61 100
44 62 39
44 63 35
44 64 71
44 65 48
44 66 16
44 67 89
44 68 27
44 69 40
44 71 74
44 72 26
44 73 97
44 75 83
44 76 76
44 77 86
44 78 55
44 79 25
44 80 11
44 81 82
44 83 74
44 85 18
44 86 3
44 87 51
44 88 46
44 90 56
44 92 39
44 94 75
44 95 1
44 96 8
44 98 30
44 99 27
45 1 58
45 2 66
45 3 34
45 4 58
45 5 8
45 6 95
45 7 16
45 8 68
45 10 84
45 11 87
45 13 54
45 14 8
45 15 25
45 17 78
45 19 64
45 20 45
45 21 98
45 22 56
45 23 22
45 24 22
45 25 23
45 26 73
45 27 8
45 28 94
45 29 48
45 30 31
45 31 89
45 32 84
45 33 80
45 34 76
45 36 71
45 37 74
45 40 76
45 41 9
45 42 26
45 43 14
45 44 44
45 46 97
45 48 90
45 49 42
45 50 5
45 51 52
45 52 18
45 54 33
45 55 46
45 56 75
45 57 91
45 58 72
45 59 65
45 60 76
45 61 54
45 62 41
45 63 61
45 65 70
45 66 49
45 67 23
45 68 93
45 69 5
45 70 72
45 71 80
45 72 25
45 73 68
45 74 55
45 76 43
45 77 90
45 79 27
45 80 56
45 81 41
45 82 17
45 83 54
45 85 12
45 87 55
45 88 49
45 89 64
45 90 76
45 91 32
45 92 31
45 93 8
45 94 38
45 95 71
45 96 4
45 97 21
45 98 95
46 1 18
46 2 39
46 4 17
46 5 76
46 6 43
46 7 91
46 8 81
46 9 22
46 10 12
46 11 22
46 12 60
46 13 56
46 14 34
46 15 92
46 16 90
46 18 37
46 19 37
46 20 61
46 21 57
46 24 49
46 25 68
46 26 82
46 27 18
46 28 78
46 30 69
46 31 94
46 33 26
46 36 55
46 37 93
46 38 2
46 39 58
46 40 87
46 41 74
46 42 26
46 43 50
46 44 23
46 45 97
46 47 61
46 48 88
46 49 45
46 50 95
46 52 97
46 54 72
46 55 40
46 56 93
46 57 80
46 60 70
46 61 83
46 62 55
46 64 33
46 65 53
46 66 45
46 67 80
46 68 46
46 70 51
46 71 32
46 72 9
46 73 74
46 74 31
46 75 80
46 76 66
46 79 39
46 81 26
46 82 21
46 83 61
46 84 80
46 86 10
46 87 61
46 88 55
46 89 57
46 90 99
46 93 6
46 94 31
46 95 99
46 96 97
46 97 99
46 98 17
47 1 66
47 2 5
47 4 84
47 6 77
47 7 11
47 8 7
47 10 56
47 11 39
47 13 77
47 14 80
47 15 24
47 17 37
47 18 50
47 19 58
47 20 23
47 21 72
47 22 5
47 23 54
47 24 17
47 25 41
47 28 12
47 29 76
47 30 67
47 31 22
47 32 18
47 34 59
47 35 45
47 36 7
47 37 31
47 38 93
47 39 30
47 40 53
47 41 25
47 42 13
47 43 15
47 46 61
47 48 30
47 49 8
47 50 9
47 51 38
47 52 19
47 53 9
47 54 17
47 55 47
47 56 71
47 57 2
47 58 69
47 59 37
47 60 71
47 62 75
47 63 53
47 64 20
47 65 5
47 66 99
47 68 71
47 69 51
47 70 62
47 71 13
47 72 81
47 73 30
47 74 10
47 75 59
47 76 65
47 77 16
47 78 34
47 79 23
47 80 59
47 81 92
47 82 4
47 83 62
47 85 91
47 86 5
47 89 67
47 90 65
47 91 21
47 92 8
47 94 44
47 95 45
47 96 2
47 98 93
47 99 87
48 1 84
48 3 92
48 4 49
48 5 39
48 6 31
48 8 1
48 9 34
48 10 15
48 11 11
48 12 1
48 13 83
48 15 5
48 17 30
48 18 37
48 19 90
48 20 81
48 21 49
48 22 24
48 23 79
48 25 28
48 26 97
48 27 85
48 28 41
48 30 56
48 32 42
48 34 53
48 35 60
48 37 39
48 38 46
48 40 43
48 41 35
48 42 81
48 44 84
48 45 90
48 46 88
48 47 30
48 49 2
48 50 38
48 51 89
48 52 4
48 53 23
48 56 60
48 58 43
48 59 37
48 60 34
48 61 31
48 63 95
48 64 36
48 65 31
48 66 84
48 70 84
48 71 29
48 72 48
48 73 19
48 74 95
48 76 17
48 77 21
48 78 58
48 79 57
48 80 19
48 81 69
48 82 46
48 83 45
48 84 100
48 85 43
48 86 56
48 88 94
48 89 1
48 91 12
48 92 74
48 93 15
48 94 35
48 95 25
48 96 20
48 97 28
48 98 76
48 99 10
49 1 83
49 2 87
49 3 61
49 4 21
49 5 77
49 6 82
49 7 43
49 8 40
49 10 36
49 11 2
49 12 77
49 14 68
49 15 9
49 16 45
49 17 29
49 19 3
49 20 90
49 21 78
49 22 75
49 24 59
49 25 1
49 26 72
49 27 96
49 30 20
49 31 72
49 33 16
49 34 96
49 35 89
49 36 12
49 37 81
49 39 95
49 40 49
49 41 26
49 42 91
49 44 67
49 45 42
49 46 45
49 47 8
49 48 2
49 50 12
49 51 85
49 52 32
49 53 71
49 54 74
49 55 86
49 56 12
49 57 73
49 58 71
49 59 75
49 61 99
49 62 43
49 63 77
49 65 1
49 66 84
49 67 25
49 69 76
49 70 77
49 71 61
49 72 87
49 73 66
49 74 56
49 76 86
49 78 66
49 79 27
49 81 70
49 83 57
49 84 43
49 85 57
49 86 23
49 88 50
49 89 57
49 91 34
49 92 50
49 93 63
49 95 4
49 96 29
49 97 90
49 98 20
49 99 39
50 2 48
50 3 15
50 6 50
50 9 5
50 10 22
50 11 87
50 12 20
50 13 24
50 16 83
50 17 52
50 18 40
50 19 15
50 20 80
50 21 33
50 22 27
50 23 17
50 25 74
50 26 59
50 28 52
50 29 53
50 30 76
50 31 28
50 33 59
50 34 36
50 36 68
50 37 24
50 38 79
50 40 97
50 42 76
50 43 81
50 44 68
50 45 5
50 46 95
50 47 9
50 48 38
50 49 12
50 51 1
50 52 58
50 53 28
50 54 85
50 55 76
50 56 37
50 57 87
50 58 70
50 59 28
50 60 14
50 61 17
50 62 84
50 63 57
50 64 24
50 66 25
50 67 6
50 69 74
50 70 17
50 71 67
50 73 62
50 75 68
50 77 43
50 78 48
50 80 15
50 81 52
50 82 27
50 83 33
50 84 68
50 85 89
50 86 43
50 88 85
50 89 15
50 91 20
50 92 96
50 93 86
50 94 60
50 95 86
50 97 65
50 98 82
50 99 89
51 1 13
51 2 98
51 3 87
51 4 48
51 5 39
51 6 44
51 7 61
51 8 24
51 9 51
51 11 44
51 12 21
51 13 35
51 15 67
51 17 14
51 20 94
51 21 85
51 22 22
51 23 92
51 24 27
51 25 6
51 26 1
51 27 100
51 29 66
51 30 92
51 31 93
51 32 37
51 33 68
51 34 77
51 35 73
51 36 34
51 37 98
51 38 90
51 40 2
51 41 14
51 42 6
51 43 47
51 44 44
51 45 52
51 47 38
51 48 89
51 49 85
51 50 1
51 53 48
51 56 18
51 57 90
51 58 12
51 59 7
51 62 100
51 63 4
51 64 8
51 65 97
51 66 38
51 67 87
51 68 92
51 69 54
51 70 39
51 71 68
51 72 14
51 73 32
51 74 83
51 76 62
51 77 53
51 79 51
51 80 87
51 81 20
51 82 44
51 84 90
51 85 49
51 86 44
51 87 86
51 88 44
51 89 22
51 90 16
51 91 31
51 94 85
51 95 98
51 96 70
51 97 86
51 98 15
51 99 62
52 1 68
52 2 37
52 3 62
52 4 14
52 6 35
52 7 82
52 8 67
52 9 13
52 11 38
52 12 61
52 13 24
52 14 57
52 15 4
52 16 61
52 17 91
52 18 43
52 19 77
52 20 29
52 21 65
52 22 11
52 23 61
52 26 10
52 27 74
52 28 96
52 29 18
52 30 26
52 31 61
52 33 52
52 36 11
52 37 84
52 39 85
52 40 54
52 41 50
52 42 7
52 44 32
52 45 18
52 46 97
52 47 19
52 48 4
52 49 32
52 50 58
52 54 68
52 55 43
52 56 79
52 57 21
52 58 15
52 59 77
52 60 32
52 61 8
52 62 34
52 63 77
52 64 98
52 65 25
52 66 45
52 67 98
52 68 25
52 69 49
52 70 61
52 71 62
52 72 52
52 73 1
52 74 9
52 76 55
52 77 29
52 78 61
52 80 48
52 81 32
52 82 75
52 83 79
52 85 1
52 86 94
52 87 17
52 88 69
52 89 70
52 91 23
52 92 4
52 93 30
52 94 80
52 95 23
52 96 12
52 99 49
53 3 51
53 4 50
53 6 51
53 7 42
53 8 6
53 9 28
53 10 68
53 11 41
53 12 64
53 13 60
53 14 40
53 15 79
53 16 91
53 17 26
53 18 89
53 19 71
53 20 11
53 21 19
53 22 56
53 23 92
53 24 34
53 25 67
53 26 74
53 28 45
53 29 87
53 30 21
53 31 52
53 35 5
53 38 70
53 40 19
53 41 59
53 42 63
53 43 26
53 44 30
53 47 9
53 48 23
53 49 71
53 50 28
53 51 48
53 54 46
53 55 72
53 56 8
53 57 92
53 58 54
53 59 14
53 60 87
53 61 9
53 62 36
53 63 35
53 64 68
53 65 49
53 67 42
53 69 6
53 70 37
53 71 26
53 72 2
53 73 15
53 75 99
53 77 41
53 78 67
53 79 92
53 80 8
53 81 63
53 82 37
53 83 35
53 84 41
53 85 32
53 86 43
53 87 92
53 89 45
53 90 63
53 91 74
53 93 17
53 95 22
53 96 75
53 97 62
53 98 39
54 1 66
54 2 35
54 3 54
54 4 25
54 5 13
54 7 21
54 8 77
54 9 2
54 10 73
54 11 60
54 12 56
54 13 37
54 14 27
54 15 75
54 17 75
54 18 7
54 19 41
54 20 92
54 22 27
54 23 1
54 25 58
54 26 65
54 27 25
54 28 70
54 29 31
54 30 34
54 31 7
54 32 76
54 35 43
54 36 48
54 37 40
54 38 13
54 39 63
54 40 85
54 41 34
54 42 56
54 44 33
54 45 33
54 46 72
54 47 17
54 49 74
54 50 85
54 52 68
54 53 46
54 55 75
54 56 67
54 57 21
54 58 6
54 59 26
54 61 33
54 62 15
54 63 23
54 65 36
54 66 2
54 67 51
54 68 77
54 69 58
54 70 8
54 71 12
54 72 84
54 73 71
54 74 16
54 75 77
54 76 49
54 78 13
54 79 57
54 80 100
54 81 67
54 82 91
54 83 49
54 84 67
54 85 61
54 87 49
54 89 51
54 90 29
54 91 35
54 92 24
54 94 43
54 96 90
54 97 67
54 98 72
54 99 14
55 1 62
55 2 52
55 3 62
55 4 93
55 5 25
55 7 100
55 9 94
55 10 89
55 11 28
55 12 53
55 13 39
55 14 13
55 15 95
55 16 82
55 18 68
55 21 32
55 23 32
55 24 2
55 25 7
55 27 43
55 28 21
55 29 100
55 30 96
55 31 10
55 32 56
55 33 97
55 34 99
55 36 58
55 37 34
55 38 37
55 39 73
55 40 41
55 41 26
55 42 16
55 43 1
55 44 61
55 45 46
55 46 40
55 47 47
55 49 86
55 50 76
55 52 43
55 53 72
55 54 75
55 57 77
55 59 70
55 60 81
55 62 74
55 64 60
55 65 15
55 66 32
55 69 69
55 70 54
55 71 19
55 72 56
55 73 7
55 74 56
55 75 84
55 76 86
55 77 34
55 80 70
55 81 2
55 82 41
55 83 88
55 84 11
55 85 61
55 86 33
55 87 56
55 88 80
55 89 87
55 91 2
55 92 79
55 93 98
55 94 45
55 96 78
55 97 45
55 98 6
55 99 24
56 1 46
56 2 61
56 3 39
56 4 10
56 5 71
56 6 93
56 7 28
56 8 16
56 10 59
56 11 34
56 12 15
56 13 50
56 15 36
56 16 96
56 17 23
56 18 57
56 19 14
56 20 66
56 21 10
56 22 4
56 23 62
56 24 87
56 25 50
56 26 76
56 28 29
56 29 39
56 30 43
56 31 10
56 32 88
56 33 57
56 34 37
56 35 64
56 36 6
56 37 86
56 38 3
56 40 72
56 41 38
56 43 41
56 44 38
56 45 75
56 46 93
56 47 71
56 48 60
56 49 12
56 50 37
56 51 18
56 52 79
56 53 8
56 54 67
56 57 34
56 59 43
56 60 25
56 63 61
56 64 34
56 66 15
56 68 71
56 70 73
56 71 1
56 72 34
56 73 31
56 75 35
56 76 79
56 77 89
56 79 88
56 80 29
56 81 33
56 82 1
56 83 97
56 85 71
56 86 54
56 87 96
56 89 93
56 91 82
56 93 22
56 94 7
56 95 65
56 96 89
56 97 11
56 98 65
56 99 35
57 1 64
57 2 79
57 3 60
57 5 20
57 6 54
57 7 67
57 9 55
57 10 90
57 11 5
57 12 72
57 13 16
57 14 35
57 15 89
57 16 12
57 17 98
57 19 97
57 20 24
57 22 94
57 23 41
57 24 18
57 25 27
57 26 25
57 27 78
57 28 50
57 30 35
57 31 54
57 33 75
57 34 76
57 35 70
57 37 27
57 38 94
57 39 75
57 40 19
57 42 87
57 43 12
57 44 3
57 45 91
57 46 80
57 47 2
57 49 73
57 50 87
57 51 90
57 52 21
57 53 92
57 54 21
57 55 77
57 56 34
57 59 30
57 60 46
57 61 21
57 62 54
57 63 75
57 64 21
57 65 96
57 66 60
57 68 25
57 69 22
57 71 8
57 72 7
57 74 41
57 75 28
57 76 32
57 77 25
57 78 25
57 79 14
57 80 3
57 82 76
57 83 12
57 85 74
57 86 37
57 87 73
57 88 80
57 89 41
57 90 55
57 91 39
57 93 24
57 94 43
57 95 78
57 96 11
57 97 1
57 98 3
57 99 57
58 2 20
58 3 30
58 5 42
58 7 97
58 8 60
58 10 22
58 11 46
58 12 63
58 13 91
58 14 11
58 15 25
58 16 27
58 18 6
58 19 70
58 20 7
58 21 52
58 22 78
58 23 5
58 25 39
58 26 92
58 27 16
58 28 4
58 29 23
58 30 59
58 31 32
58 33 76
58 34 56
58 36 4
58 37 12
58 40 38
58 41 6
58 42 88
58 44 25
58 45 72
58 47 69
58 48 43
58 49 71
58 50 70
58 51 12
58 52 15
58 53 54
58 54 6
58 59 1
58 60 87
58 61 88
58 65 51
58 66 51
58 67 86
58 68 41
58 73 6
58 74 1
58 75 27
58 76 92
58 77 48
58 78 51
58 79 66
58 80 23
58 81 12
58 83 39
58 84 23
58 85 49
58 86 5
58 87 87
58 88 87
58 89 4
58 90 84
58 91 23
58 92 78
58 93 25
58 94 63
58 96 5
58 97 84
58 98 18
58 99 20
59 1 56
59 2 1
59 3 93
59 4 50
59 5 13
59 7 74
59 8 78
59 9 83
59 10 1
59 11 6
59 13 98
59 14 33
59 15 3
59 16 80
59 17 57
59 18 94
59 19 14
59 20 7
59 21 61
59 22 24
59 23 22
59 24 27
59 25 87
59 26 78
59 27 2
59 28 79
59 29 47
59 30 64
59 31 70
59 33 52
59 34 77
59 35 61
59 36 66
59 37 4
59 40 66
59 42 45
59 43 58
59 44 85
59 45 65
59 47 37
59 48 37
59 49 75
59 50 28
59 51 7
59 52 77
59 53 14
59 54 26
59 55 70
59 56 43
59 57 30
59 58 1
59 60 77
59 61 94
59 63 37
59 64 82
59 65 11
59 66 15
59 67 91
59 68 45
59 70 35
59 71 92
59 72 99
59 75 14
59 76 60
59 77 37
59 78 84
59 80 28
59 81 67
59 83 81
59 84 96
59 85 13
59 86 4
59 87 39
59 88 68
59 89 44
59 90 16
59 92 80
59 94 31
59 95 38
59 96 5
59 97 92
59 98 49
59 99 95
60 2 22
60 3 5
60 4 88
60 7 52
60 8 55
60 9 32
60 10 44
60 11 36
60 12 25
60 13 39
60 18 86
60 19 81
60 20 14
60 21 38
60 22 71
60 23 5
60 24 48
60 25 1
60 26 89
60 28 66
60 29 86
60 31 86
60 32 53
60 33 67
60 34 48
60 35 83
60 37 52
60 38 60
60 39 56
60 40 94
60 41 71
60 42 23
60 43 26
60 44 89
60 45 76
60 46 70
60 47 71
60 48 34
60 50 14
60 52 32
60 53 87
60 55 81
60 56 25
60 57 46
60 58 87
60 59 77
60 61 12
60 62 88
60 63 41
60 64 100
60 66 68
60 67 31
60 69 79
60 70 98
60 71 34
60 73 57
60 74 11
60 76 82
60 79 1
60 81 100
60 82 46
60 84 56
60 85 59
60 86 93
60 87 59
60 88 72
60 89 5
60 90 80
60 91 27
60 93 94
60 95 58
60 96 86
60 98 19
60 99 45
61 1 70
61 4 20
61 5 56
61 6 66
61 9 83
61 10 1
61 11 43
61 13 95
61 14 8
61 15 31
61 16 42
61 18 81
61 19 82
61 22 17
61 23 85
61 24 9
61 25 9
61 27 91
61 28 70
61 30 99
61 31 59
61 32 36
61 33 72
61 34 17
61 35 11
61 36 85
61 37 2
61 38 66
61 39 6
61 40 33
61 41 83
61 42 69
61 43 29
61 44 100
61 45 54
61 46 83
61 48 31
61 49 99
61 50 17
61 52 8
61 53 9
61 54 33
61 57 21
61 58 88
61 59 94
61 60 12
61 62 11
61 63 62
61 64 64
61 65 48
61 66 59
61 67 2
61 68 97
61 69 70
61 70 41
61 71 94
61 72 31
61 73 75
61 74 72
61 75 81
61 78 94
61 79 61
61 80 83
61 81 4
61 82 95
61 83 68
61 84 33
61 85 5
61 86 11
61 88 97
61 89 54
61 91 69
61 92 19
61 93 33
61 97 46
61 98 97
61 99 90
62 1 52
62 3 23
62 4 16
62 5 51
62 6 8
62 7 10
62 8 1
62 9 46
62 10 44
62 12 47
62 13 30
62 14 87
62 16 39
62 17 39
62 18 30
62 19 9
62 20 56
62 21 65
62 22 60
62 24 7
62 25 77
62 27 51
62 28 92
62 30 96
62 31 92
62 32 82
62 33 6
62 34 78
62 35 38
62 36 39
62 37 85
62 38 96
62 39 49
62 40 57
62 41 25
62 42 34
62 43 14
62 44 39
62 45 41
62 46 55
62 47 75
62 49 43
62 50 84
62 51 100
62 52 34
62 53 36
62 54 15
62 55 74
62 57 54
62 60 88
62 61 11
62 63 25
62 66 7
62 67 77
62 68 30
62 70 27
62 71 99
62 72 57
62 73 8
62 74 42
62 75 37
62 76 91
62 77 22
62 78 92
62 79 57
62 81 35
62 82 13
62 84 65
62 85 70
62 87 28
62 89 68
62 90 10
62 92 15
62 93 18
62 94 67
62 96 36
62 97 54
62 98 26
62 99 34
63 2 48
63 5 100
63 6 71
63 7 44
63 8 82
63 9 100
63 10 37
63 11 37
63 12 73
63 14 96
63 15 80
63 18 11
63 19 76
63 20 48
63 21 4
63 23 81
63 24 56
63 25 70
63 26 10
63 27 56
63 28 98
63 29 65
63 30 63
63 31 90
63 32 97
63 33 22
63 34 75
63 36 11
63 37 67
63 38 61
63 39 79
63 40 45
63 41 71
63 42 46
63 44 35
63 45 61
63 47 53
63 48 95
63 49 77
63 50 57
63 51 4
63 52 77
63 53 35
63 54 23
63 56 61
63 57 75
63 59 37
63 60 41
63 61 62
63 62 25
63 65 59
63 66 42
63 67 18
63 68 44
63 72 92
63 73 85
63 74 62
63 75 89
63 76 18
63 77 72
63 78 48
63 79 16
63 80 66
63 81 25
63 82 28
63 83 78
63 84 15
63 85 94
63 86 18
63 88 68
63 89 69
63 90 56
63 91 90
63 92 68
63 93 22
63 94 19
63 95 9
63 96 77
63 97 93
63 98 58
63 99 43
64 1 49
64 2 100
64 4 9
64 5 8
64 6 7
64 7 59
64 8 41
64 9 20
64 11 32
64 12 74
64 15 42
64 16 37
64 17 43
64 18 52
64 19 40
64 21 25
64 23 81
64 24 31
64 26 64
64 27 29
64 28 64
64 29 48
64 30 77
64 33 29
64 34 7
64 35 58
64 36 60
64 37 87
64 38 84
64 40 30
64 41 71
64 42 48
64 43 67
64 44 71
64 46 33
64 47 20
64 48 36
64 50 24
64 51 8
64 52 98
64 53 68
64 55 60
64 56 34
64 57 21
64 59 82
64 60 100
64 61 64
64 65 98
64 67 99
64 68 6
64 69 50
64 70 54
64 71 94
64 73 89
64 75 89
64 76 21
64 77 50
64 78 93
64 79 14
64 80 12
64 81 30
64 82 82
64 84 81
64 85 53
64 86 19
64 87 48
64 88 95
64 89 54
64 91 95
64 93 22
64 95 82
64 96 88
64 97 74
64 98 46
64 99 31
65 2 85
65 3 99
65 4 77
65 5 8
65 8 81
65 9 58
65 10 98
65 11 39
65 13 64
65 15 48
65 17 51
65 20 34
65 21 64
65 22 36
65 23 81
65 24 34
65 25 69
65 27 50
65 28 12
65 30 10
65 31 92
65 32 59
65 33 90
65 36 47
65 37 1
65 38 31
65 40 55
65 41 13
65 44 48
65 45 70
65 46 53
65 47 5
65 48 31
65 49 1
65 51 97
65 52 25
65 53 49
65 54 36
65 55 15
65 57 96
65 58 51
65 59 11
65 61 48
65 63 59
65 64 98
65 66 85
65 67 46
65 68 54
65 70 65
65 71 52
65 72 40
65 73 41
65 75 97
65 76 10
65 78 23
65 79 34
65 80 7
65 81 71
65 82 42
65 83 69
65 84 99
65 85 17
65 86 6
65 88 41
65 89 26
65 91 68
65 92 65
65 94 23
65 96 29
65 97 82
65 98 88
65 99 52
66 1 45
66 2 43
66 4 94
66 5 52
66 7 65
66 10 18
66 11 90
66 14 99
66 15 79
66 16 45
66 18 97
66 19 24
66 20 61
66 23 79
66 25 73
66 26 78
66 27 80
66 28 11
66 30 39
66 31 53
66 32 35
66 33 89
66 34 91
66 35 47
66 36 42
66 37 67
66 39 82
66 40 77
66 41 55
66 42 8
66 43 55
66 44 16
66 45 49
66 46 45
66 47 99
66 48 84
66 49 84
66 50 25
66 51 38
66 52 45
66 54 2
66 55 32
66 56 15
66 57 60
66 58 51
66 59 15
66 60 68
66 61 59
66 62 7
66 63 42
66 65 85
66 67 47
66 68 40
66 69 12
66 70 11
66 71 96
66 72 46
66 74 54
66 76 94
66 78 7
66 79 47
66 80 23
66 81 12
66 82 89
66 83 54
66 84 93
66 85 75
66 86 13
66 87 27
66 89 7
66 90 62
66 91 82
66 92 50
66 93 56
66 95 47
66 96 92
66 97 26
67 1 32
67 2 99
67 3 12
67 6 76
67 7 23
67 8 66
67 10 25
67 12 58
67 13 48
67 14 61
67 15 61
67 16 51
67 17 37
67 18 76
67 19 98
67 20 85
67 23 46
67 24 72
67 25 27
67 26 9
67 28 69
67 29 24
67 30 57
67 31 27
67 32 70
67 33 1
67 34 82
67 35 47
67 36 99
67 37 93
67 38 34
67 39 75
67 40 53
67 41 42
67 42 98
67 43 69
67 44 89
67 45 23
67 46 80
67 49 25
67 50 6
67 51 87
67 52 98
67 53 42
67 54 51
67 58 86
67 59 91
67 60 31
67 61 2
67 62 77
67 63 18
67 64 99
67 65 46
67 66 47
67 70 70
67 71 85
67 72 100
67 74 2
67 75 13
67 76 48
67 77 48
67 78 57
67 79 93
67 80 97
67 81 43
67 82 85
67 83 72
67 84 9
67 86 42
67 87 3
67 88 45
67 89 51
67 90 100
67 93 33
67 95 37
67 96 6
67 97 11
67 99 59
68 1 11
68 2 47
68 3 56
68 4 34
68 5 79
68 6 67
68 7 57
68 8 31
68 9 26
68 10 20
68 11 91
68 12 20
68 13 23
68 15 90
68 16 97
68 18 55
68 19 46
68 20 59
68 21 53
68 22 63
68 23 100
68 24 98
68 25 11
68 26 5
68 27 61
68 29 35
68 30 38
68 31 32
68 32 1
68 33 43
68 35 19
68 36 67
68 39 80
68 40 66
68 41 47
68 42 31
68 43 48
68 44 27
68 45 93
68 46 46
68 47 71
68 51 92
68 52 25
68 54 77
68 56 71
68 57 25
68 58 41
68 59 45
68 61 97
68 62 30
68 63 44
68 64 6
68 65 54
68 66 40
68 69 18
68 70 42
68 71 53
68 72 35
68 73 94
68 76 92
68 78 1
68 79 9
68 80 100
68 81 16
68 82 39
68 83 60
68 84 76
68 85 78
68 86 30
68 87 57
68 88 87
68 89 19
68 90 25
68 91 43
68 93 2
68 94 36
68 96 83
68 99 67
69 1 10
69 2 16
69 3 25
69 4 75
69 5 97
69 6 88
69 7 97
69 8 16
69 9 54
69 10 14
69 11 89
69 12 58
69 13 57
69 14 2
69 15 74
69 16 74
69 17 51
69 18 10
69 19 66
69 20 73
69 22 17
69 23 26
69 24 7
69 27 66
69 28 8
69 29 37
69 30 96
69 34 5
69 35 1
69 36 60
69 37 52
69 38 70
69 39 60
69 40 64
69 41 21
69 42 87
69 43 69
69 44 40
69 45 5
69 47 51
69 49 76
69 50 74
69 51 54
69 52 49
69 53 6
69 54 58
69 55 69
69 57 22
69 60 79
69 61 70
69 64 50
69 66 12
69 68 18
69 70 74
69 71 99
69 72 21
69 74 30
69 75 44
69 76 17
69 77 33
69 78 39
69 79 82
69 81 57
69 83 44
69 85 91
69 86 83
69 87 18
69 89 70
69 90 6
69 92 34
69 93 59
69 95 51
69 96 7
69 97 78
69 98 53
69 99 16
70 1 9
70 2 38
70 3 31
70 4 17
70 5 21
70 6 5
70 7 56
70 8 86
70 9 47
70 10 59
70 11 44
70 12 10
70 13 37
70 14 69
70 15 62
70 16 88
70 19 49
70 20 93
70 25 78
70 26 66
70 27 32
70 28 45
70 29 53
70 30 68
70 31 48
70 32 9
70 33 79
70 34 15
70 35 63
70 36 56
70 37 81
70 41 11
70 42 18
70 43 56
70 45 72
70 46 51
70 47 62
70 48 84
70 49 77
70 50 17
70 51 39
70 52 61
70 53 37
70 54 8
70 55 54
70 56 73
70 59 35
70 60 98
70 61 41
70 62 27
70 64 54
70 65 65
70 66 11
70 67 70
70 68 42
70 69 74
70 71 79
70 72 15
70 73 6
70 74 71
70 75 79
70 77 26
70 78 27
70 79 12
70 80 73
70 81 76
70 82 33
70 83 51
70 84 47
70 85 58
70 86 78
70 87 16
70 88 66
70 89 24
70 90 22
70 92 93
70 93 48
70 95 41
70 96 24
70 97 66
70 98 5
70 99 44
71 1 74
71 3 23
71 4 46
71 5 50
71 6 2
71 7 50
71 8 47
71 9 18
71 10 9
71 13 36
71 14 100
71 15 31
71 18 14
71 20 100
71 21 32
71 22 59
71 23 45
71 24 41
71 25 1
71 26 8
71 27 91
71 28 23
71 29 72
71 30 86
71 32 5
71 33 47
71 35 94
71 36 80
71 37 45
71 38 52
71 39 52
71 40 34
71 41 76
71 42 58
71 43 75
71 44 74
71 45 80
71 46 32
71 47 13
71 48 29
71 49 61
71 50 67
71 51 68
71 52 62
71 53 26
71 54 12
71 55 19
71 56 1
71 57 8
71 59 92
71 60 34
71 61 94
71 62 99
71 64 94
71 65 52
71 66 96
71 67 85
71 68 53
71 69 99
71 70 79
71 72 22
71 73 72
71 74 96
71 75 6
71 76 77
71 77 1
71 78 68
71 79 17
71 80 20
71 81 66
71 83 20
71 84 11
71 85 11
71 86 75
71 87 74
71 89 72
71 90 49
71 91 12
71 92 92
71 93 47
71 94 82
71 95 85
71 98 42
71 99 82
72 3 34
72 4 11
72 6 32
72 7 42
72 10 39
72 11 96
72 12 68
72 13 92
72 14 47
72 15 15
72 16 74
72 17 1
72 19 70
72 21 10
72 22 17
72 23 16
72 24 13
72 25 80
72 26 37
72 27 32
72 28 11
72 29 98
72 30 70
72 33 95
72 34 63
72 35 76
72 36 22
72 37 3
72 38 57
72 39 10
72 40 66
72 41 10
72 42 71
72 43 15
72 44 26
72 45 25
72 46 9
72 47 81
72 48 48
72 49 87
72 51 14
72 52 52
72 53 2
72 54 84
72 55 56
72 56 34
72 57 7
72 59 99
72 61 31
72 62 57
72 63 92
72 65 40
72 66 46
72 67 100
72 68 35
72 69 21
72 70 15
72 71 22
72 73 21
72 75 56
72 76 95
72 77 25
72 78 14
72 79 36
72 80 65
72 81 13
72 82 54
72 83 72
72 84 44
72 85 64
72 87 65
72 88 8
72 89 1
72 90 67
72 91 100
72 92 35
72 93 94
72 95 38
72 96 53
72 97 46
72 98 77
72 99 77
73 1 12
73 2 34
73 3 13
73 5 6
73 6 64
73 7 31
73 8 92
73 9 66
73 10 22
73 11 60
73 12 22
73 13 51
73 14 16
73 15 7
73 16 93
73 17 66
73 18 8
73 20 49
73 21 63
73 22 77
73 24 17
73 25 48
73 26 26
73 27 43
73 28 27
73 29 57
73 30 55
73 33 20
73 36 83
73 37 22
73 38 77
73 39 73
73 40 47
73 41 54
73 42 23
73 44 97
73 45 68
73 46 74
73 47 30
73 48 19
73 49 66
73 50 62
73 51 32
73 52 1
73 53 15
73 54 71
73 55 7
73 56 31
73 58 6
73 60 57
73 61 75
73 62 8
73 63 85
73 64 89
73 65 41
73 68 94
73 70 6
73 71 72
73 72 21
73 75 74
73 76 5
73 77 9
73 78 6
73 80 32
73 81 100
73 82 66
73 83 64
73 84 33
73 85 67
73 86 30
73 87 2
73 88 7
73 89 57
73 90 1
73 91 12
73 93 77
73 94 56
73 95 56
73 96 89
73 98 96
73 99 36
74 1 5
74 2 92
74 3 40
74 5 76
74 6 55
74 7 23
74 8 40
74 9 29
74 10 90
74 11 99
74 13 3
74 14 33
74 15 19
74 16 67
74 17 6
74 18 1
74 20 99
74 21 13
74 22 12
74 23 15
74 25 83
74 27 5
74 28 58
74 30 72
74 31 26
74 32 12
74 33 58
74 34 39
74 35 73
74 36 2
74 37 54
74 38 34
74 39 94
74 40 51
74 41 64
74 42 94
74 45 55
74 46 31
74 47 10
74 48 95
74 49 56
74 51 83
74 52 9
74 54 16
74 55 56
74 57 41
74 58 1
74 60 11
74 61 72
74 62 42
74 63 62
74 66 54
74 67 2
74 69 30
74 70 71
74 71 96
74 75 18
74 76 40
74 77 100
74 78 35
74 79 38
74 80 5
74 81 74
74 82 92
74 84 99
74 85 31
74 87 38
74 88 81
74 89 31
74 90 89
74 91 43
74 92 65
74 93 67
74 95 80
74 96 92
74 97 63
74 99 28
75 1 37
75 2 6
75 3 55
75 6 94
75 7 10
75 9 52
75 10 25
75 11 66
75 12 81
75 13 77
75 14 36
75 15 81
75 17 78
75 18 7
75 19 17
75 20 62
75 21 20
75 22 56
75 23 58
75 24 83
75 26 69
75 28 42
75 29 95
75 33 4
75 35 22
75 37 47
75 38 84
75 39 54
75 40 31
75 41 59
75 42 26
75 43 60
75 44 83
75 46 80
75 47 59
75 50 68
75 53 99
75 54 77
75 55 84
75 56 35
75 57 28
75 58 27
75 59 14
75 61 81
75 62 37
75 63 89
75 64 89
75 65 97
75 67 13
75 69 44
75 70 79
75 71 6
75 72 56
75 73 74
75 74 18
75 76 81
75 77 36
75 78 83
75 79 80
75 80 74
75 81 67
75 82 82
75 83 53
75 84 76
75 85 72
75 86 17
75 87 5
75 88 57
75 89 77
75 92 43
75 93 91
75 94 65
75 95 83
75 96 14
75 98 97
75 99 21
76 1 54
76 2 35
76 3 15
76 4 66
76 5 39
76 7 37
76 8 92
76 9 7
76 12 7
76 13 51
76 14 46
76 17 75
76 18 40
76 20 16
76 21 55
76 22 68
76 23 12
76 24 92
76 27 53
76 28 20
76 30 27
76 31 66
76 32 34
76 34 31
76 35 46
76 36 31
76 37 3
76 38 64
76 39 16
76 40 50
76 41 13
76 42 35
76 43 68
76 44 76
76 45 43
76 46 66
76 47 65
76 48 17
76 49 86
76 51 62
76 52 55
76 54 49
76 55 86
76 56 79
76 57 32
76 58 92
76 59 60
76 60 82
76 62 91
76 63 18
76 64 21
76 65 10
76 66 94
76 67 48
76 68 92
76 69 17
76 71 77
76 72 95
76 73 5
76 74 40
76 75 81
76 77 3
76 78 20
76 80 30
76 81 53
76 82 88
76 83 61
76 84 29
76 85 38
76 86 65
76 87 36
76 88 41
76 89 24
76 90 98
76 91 26
76 92 75
76 93 73
76 94 10
76 95 69
76 96 15
76 97 76
76 98 42
76 99 46
77 1 98
77 2 1
77 3 68
77 5 38
77 6 30
77 8 66
77 9 72
77 10 98
77 11 73
77 12 76
77 14 61
77 15 56
77 17 36
77 18 26
77 20 80
77 21 24
77 22 60
77 23 41
77 25 44
77 26 12
77 27 12
77 28 46
77 29 69
77 30 73
77 32 44
77 33 88
77 34 38
77 35 61
77 37 52
77 38 14
77 39 23
77 40 42
77 41 35
77 44 86
77 45 90
77 47 16
77 48 21
77 50 43
77 51 53
77 52 29
77 53 41
77 55 34
77 56 89
77 57 25
77 58 48
77 59 37
77 62 22
77 63 72
77 64 50
77 67 48
77 69 33
77 70 26
77 71 1
77 72 25
77 73 9
77 74 100
77 75 36
77 76 3
77 78 79
77 79 77
77 80 58
77 81 65
77 82 64
77 83 37
77 85 5
77 86 40
77 89 16
77 90 85
77 91 44
77 92 94
77 94 3
77 95 55
77 96 14
77 97 96
77 98 23
78 2 3
78 3 66
78 4 37
78 5 95
78 6 77
78 7 57
78 9 71
78 11 26
78 13 1
78 14 97
78 15 50
78 16 13
78 17 41
78 18 48
78 19 68
78 20 91
78 21 94
78 22 57
78 23 68
78 25 83
78 26 29
78 27 92
78 28 91
78 29 65
78 30 23
78 31 22
78 33 10
78 34 27
78 35 65
78 36 48
78 37 39
78 38 81
78 40 68
78 41 26
78 42 73
78 43 31
78 44 55
78 47 34
78 48 58
78 49 66
78 50 48
78 52 61
78 53 67
78 54 13
78 57 25
78 58 51
78 59 84
78 61 94
78 62 92
78 63 48
78 64 93
78 65 23
78 66 7
78 67 57
78 68 1
78 69 39
78 70 27
78 71 68
78 72 14
78 73 6
78 74 35
78 75 83
78 76 20
78 77 79
78 79 17
78 80 2
78 81 11
78 82 31
78 83 40
78 84 70
78 85 51
78 87 16
78 89 23
78 90 18
78 93 5
78 94 69
78 96 72
78 97 6
78 98 97
78 99 66
79 1 14
79 2 98
79 5 8
79 6 62
79 7 28
79 11 84
79 12 95
79 13 62
79 14 42
79 15 61
79 17 74
79 18 26
79 19 74
79 20 89
79 21 65
79 23 56
79 24 38
79 25 37
79 27 29
79 28 55
79 30 91
79 31 98
79 32 77
79 33 97
79 34 88
79 35 29
79 36 89
79 37 87
79 38 98
79 39 61
79 40 73
79 41 13
79 42 16
79 43 55
79 44 25
79 45 27
79 46 39
79 47 23
79 48 57
79 49 27
79 51 51
79 53 92
79 54 57
79 56 88
79 57 14
79 58 66
79 60 1
79 61 61
79 62 57
79 63 16
79 64 14
79 65 34
79 66 47
79 67 93
79 68 9
79 69 82
79 70 12
79 71 17
79 72 36
79 74 38
79 75 80
79 77 77
79 78 17
79 80 63
79 81 16
79 82 21
79 83 82
79 84 6
79 85 14
79 86 77
79 87 35
79 88 26
79 89 39
79 90 48
79 91 90
79 92 76
79 93 17
79 94 15
79 95 80
79 96 78
79 97 86
79 98 11
79 99 41
80 1 4
80 2 6
80 3 19
80 4 75
80 5 49
80 6 58
80 7 35
80 9 62
80 10 26
80 11 55
80 12 77
80 13 66
80 14 19
80 15 55
80 16 29
80 17 80
80 18 45
80 19 2
80 20 84
80 23 28
80 24 68
80 25 7
80 26 28
80 27 37
80 28 15
80 32 44
80 33 51
80 34 17
80 37 5
80 38 70
80 39 83
80 40 2
80 41 65
80 43 85
80 44 11
80 45 56
80 47 59
80 48 19
80 50 15
80 51 87
80 52 48
80 53 8
80 54 100
80 55 70
80 56 29
80 57 3
80 58 23
80 59 28
80 61 83
80 63 66
80 64 12
80 65 7
80 66 23
80 67 97
80 68 100
80 70 73
80 71 20
80 72 65
80 73 32
80 74 5
80 75 74
80 76 30
80 77 58
80 78 2
80 79 63
80 82 63
80 83 1
80 84 69
80 85 87
80 86 73
80 87 69
80 88 92
80 90 65
80 91 28
80 92 36
80 93 21
80 94 75
80 96 99
80 97 59
80 98 18
80 99 75
81 2 20
81 3 97
81 4 20
81 5 43
81 6 34
81 7 10
81 8 18
81 10 72
81 13 32
81 15 85
81 16 25
81 17 35
81 18 38
81 19 50
81 20 14
81 21 45
81 23 25
81 24 26
81 25 7
81 26 86
81 27 29
81 28 46
81 29 11
81 31 83
81 33 53
81 34 45
81 35 73
81 36 93
81 37 97
81 39 22
81 40 62
81 42 1
81 44 82
81 45 41
81 46 26
81 47 92
81 48 69
81 49 70
81 50 52
81 51 20
81 52 32
81 53 63
81 54 67
81 55 2
81 56 33
81 58 12
81 59 67
81 60 100
81 61 4
81 62 35
81 63 25
81 64 30
81 65 71
81 66 12
81 67 43
81 68 16
81 69 57
81 70 76
81 71 66
81 72 13
81 73 100
81 74 74
81 75 67
81 76 53
81 77 65
81 78 11
81 79 16
81 82 73
81 83 7
81 84 40
81 87 79
81 88 37
81 89 72
81 91 26
81 92 99
81 93 18
81 94 71
81 95 65
81 96 89
81 97 43
81 98 34
81 99 37
82 2 80
82 3 39
82 4 86
82 5 57
82 7 80
82 8 54
82 10 36
82 11 1
82 12 65
82 13 27
82 14 40
82 16 64
82 17 61
82 18 14
82 19 15
82 20 79
82 21 37
82 22 90
82 23 23
82 25 45
82 26 18
82 27 51
82 29 79
82 31 61
82 32 74
82 33 6
82 34 86
82 35 19
82 36 50
82 37 73
82 39 92
82 40 31
82 41 86
82 42 86
82 43 100
82 45 17
82 46 21
82 47 4
82 48 46
82 50 27
82 51 44
82 52 75
82 53 37
82 54 91
82 55 41
82 56 1
82 57 76
82 60 46
82 61 95
82 62 13
82 63 28
82 64 82
82 65 42
82 66 89
82 67 85
82 68 39
82 70 33
82 72 54
82 73 66
82 74 92
82 75 82
82 76 88
82 77 64
82 78 31
82 79 21
82 80 63
82 81 73
82 83 52
82 84 58
82 85 43
82 86 67
82 88 8
82 89 9
82 91 43
82 92 88
82 94 28
82 96 85
82 97 50
82 98 31
82 99 47
83 1 46
83 2 6
83 3 83
83 5 79
83 7 95
83 9 70
83 10 8
83 11 50
83 12 32
83 14 64
83 15 63
83 16 72
83 17 12
83 18 13
83 19 4
83 20 31
83 21 10
83 23 82
83 24 91
83 25 82
83 26 45
83 27 75
83 28 48
83 29 48
83 30 28
83 32 43
83 34 33
83 36 79
83 37 42
83 38 62
83 39 29
83 40 42
83 41 54
83 43 24
83 44 74
83 45 54
83 46 61
83 47 62
83 48 45
83 49 57
83 50 33
83 52 79
83 53 35
83 54 49
83 55 88
83 56 97
83 57 12
83 58 39
83 59 81
83 61 68
83 63 78
83 65 69
83 66 54
83 67 72
83 68 60
83 69 44
83 70 51
83 71 20
83 72 72
83 73 64
83 75 53
83 76 61
83 77 37
83 78 40
83 79 82
83 80 1
83 81 7
83 82 52
83 84 88
83 85 81
83 87 88
83 88 91
83 89 72
83 91 63
83 92 37
83 93 87
83 94 7
83 95 14
83 96 91
83 97 42
83 98 55
83 99 12
84 2 69
84 3 98
84 4 62
84 5 70
84 6 37
84 7 45
84 8 75
84 9 4
84 10 1
84 11 90
84 12 85
84 14 74
84 15 41
84 17 68
84 18 13
84 20 19
84 21 17
84 22 4
84 23 24
84 25 53
84 26 39
84 29 10
84 31 79
84 32 36
84 34 79
84 35 30
84 36 61
84 37 69
84 38 61
84 39 42
84 40 89
84 43 99
84 46 80
84 48 100
84 49 43
84 50 68
84 51 90
84 53 41
84 54 67
84 55 11
84 58 23
84 59 96
84 60 56
84 61 33
84 62 65
84 63 15
84 64 81
84 65 99
84 66 93
84 67 9
84 68 76
84 70 47
84 71 11
84 72 44
84 73 33
84 74 99
84 75 76
84 76 29
84 78 70
84 79 6
84 80 69
84 81 40
84 82 58
84 83 88
84 86 5
84 87 11
84 88 58
84 89 27
84 90 18
84 91 89
84 92 8
84 93 3
84 95 41
84 96 61
84 97 28
84 98 68
84 99 85
85 1 16
85 2 71
85 3 3
85 6 53
85 7 43
85 8 88
85 9 20
85 10 8
85 14 19
85 15 100
85 16 38
85 17 89
85 18 94
85 19 31
85 21 39
85 23 19
85 25 77
85 26 67
85 27 73
85 28 28
85 31 100
85 32 87
85 33 4
85 34 64
85 35 71
85 36 96
85 37 29
85 38 62
85 39 99
85 40 82
85 41 98
85 42 68
85 43 19
85 44 18
85 45 12
85 47 91
85 48 43
85 49 57
85 50 89
85 51 49
85 52 1
85 53 32
85 54 61
85 55 61
85 56 71
85 57 74
85 58 49
85 59 13
85 60 59
85 61 5
85 62 70
85 63 94
85 64 53
85 65 17
85 66 75
85 68 78
85 69 91
85 70 58
85 71 11
85 72 64
85 73 67
85 74 31
85 75 72
85 76 38
85 77 5
85 78 51
85 79 14
85 80 87
85 82 43
85 83 81
85 86 11
85 88 64
85 89 1
85 90 72
85 91 27
85 92 24
85 93 17
85 94 90
85 95 20
85 96 68
85 97 48
85 98 90
85 99 53
86 1 44
86 3 61
86 4 11
86 6 46
86 7 1
86 8 39
86 9 54
86 10 9
86 11 39
86 12 34
86 14 77
86 16 59
86 17 55
86 18 30
86 19 52
86 20 95
86 21 34
86 22 3
86 23 52
86 24 47
86 25 4
86 26 27
86 27 19
86 28 10
86 29 2
86 30 64
86 31 54
86 32 74
86 33 28
86 34 71
86 36 89
86 37 47
86 38 16
86 39 82
86 41 35
86 43 11
86 44 3
86 46 10
86 47 5
86 48 56
86 49 23
86 50 43
86 51 44
86 52 94
86 53 43
86 55 33
86 56 54
86 57 37
86 58 5
86 59 4
86 60 93
86 61 11
86 63 18
86 64 19
86 65 6
86 66 13
86 67 42
86 68 30
86 69 83
86 70 78
86 71 75
86 73 30
86 75 17
86 76 65
86 77 40
86 79 77
86 80 73
86 82 67
86 84 5
86 85 11
86 87 15
86 88 62
86 89 30
86 90 28
86 91 14
86 92 7
86 93 9
86 94 53
86 95 14
86 96 35
86 97 33
86 98 100
86 99 60
87 1 32
87 2 83
87 3 30
87 4 23
87 5 9
87 7 7
87 8 50
87 9 1
87 10 36
87 11 54
87 12 37
87 13 92
87 14 92
87 16 74
87 17 35
87 19 87
87 20 68
87 21 55
87 22 46
87 23 63
87 24 76
87 25 56
87 26 83
87 27 5
87 28 58
87 29 75
87 30 43
87 31 63
87 32 49
87 33 32
87 34 61
87 35 49
87 36 71
87 37 50
87 39 14
87 40 73
87 41 58
87 43 77
87 44 51
87 45 55
87 46 61
87 51 86
87 52 17
87 53 92
87 54 49
87 55 56
87 56 96
87 57 73
87 58 87
87 59 39
87 60 59
87 62 28
87 64 48
87 66 27
87 67 3
87 68 57
87 69 18
87 70 16
87 71 74
87 72 65
87 73 2
87 74 38
87 75 5
87 76 36
87 78 16
87 79 35
87 80 69
87 81 79
87 83 88
87 84 11
87 86 15
87 88 18
87 90 55
87 91 35
87 92 10
87 94 39
87 95 48
87 96 71
87 97 70
87 98 60
87 99 85
88 1 84
88 3 89
88 4 87
88 5 26
88 7 26
88 8 55
88 9 80
88 10 29
88 11 44
88 12 89
88 14 48
88 16 19
88 20 90
88 21 82
88 22 20
88 23 62
88 24 91
88 25 19
88 26 44
88 27 81
88 28 58
88 29 51
88 30 34
88 31 38
88 33 46
88 34 10
88 36 33
88 37 6
88 39 46
88 40 21
88 41 57
88 42 44
88 44 46
88 45 49
88 46 55
88 48 94
88 49 50
88 50 85
88 51 44
88 52 69
88 55 80
88 57 80
88 58 87
88 59 68
88 60 72
88 61 97
88 63 68
88 64 95
88 65 41
88 67 45
88 68 87
88 70 66
88 72 8
88 73 7
88 74 81
88 75 57
88 76 41
88 79 26
88 80 92
88 81 37
88 82 8
88 83 91
88 84 58
88 85 64
88 86 62
88 87 18
88 89 71
88 90 51
88 91 23
88 93 11
88 94 81
88 95 82
88 96 39
88 97 18
88 99 40
89 1 76
89 2 86
89 3 90
89 4 64
89 5 32
89 6 65
89 7 11
89 8 72
89 9 33
89 10 69
89 11 22
89 12 9
89 13 49
89 14 61
89 15 99
89 16 71
89 17 88
89 18 74
89 19 90
89 20 82
89 23 63
89 24 98
89 25 87
89 26 66
89 27 45
89 28 80
89 29 62
89 30 92
89 32 2
89 35 7
89 36 33
89 37 51
89 38 26
89 39 72
89 40 96
89 41 77
89 42 94
89 43 86
89 45 64
89 46 57
89 47 67
89 48 1
89 49 57
89 50 15
89 51 22
89 52 70
89 53 45
89 54 51
89 55 87
89 56 93
89 57 41
89 58 4
89 59 44
89 60 5
89 61 54
89 62 68
89 63 69
89 64 54
89 65 26
89 66 7
89 67 51
89 68 19
89 69 70
89 70 24
89 71 72
89 72 1
89 73 57
89 74 31
89 75 77
89 76 24
89 77 16
89 78 23
89 79 39
89 81 72
89 82 9
89 83 72
89 84 27
89 85 1
89 86 30
89 88 71
89 90 90
89 91 53
89 92 35
89 93 2
89 94 65
89 95 71
89 96 95
89 97 6
89 98 52
89 99 72
90 1 23
90 2 49
90 3 49
90 4 39
90 5 8
90 6 35
90 7 13
90 8 25
90 9 81
90 10 31
90 11 59
90 14 71
90 15 1
90 16 62
90 18 48
90 19 31
90 21 83
90 22 69
90 23 13
90 25 4
90 27 100
90 28 76
90 29 88
90 31 77
90 32 26
90 33 48
90 34 50
90 35 41
90 37 53
90 38 87
90 40 57
90 41 60
90 43 78
90 44 56
90 45 76
90 46 99
90 47 65
90 51 16
90 53 63
90 54 29
90 57 55
90 58 84
90 59 16
90 60 80
90 62 10
90 63 56
90 66 62
90 67 100
90 68 25
90 69 6
90 70 22
90 71 49
90 72 67
90 73 1
90 74 89
90 76 98
90 77 85
90 78 18
90 79 48
90 80 65
90 84 18
90 85 72
90 86 28
90 87 55
90 88 51
90 89 90
90 91 77
90 94 66
90 95 85
90 96 1
90 97 28
90 98 63
91 1 67
91 2 99
91 4 47
91 5 93
91 6 86
91 7 74
91 8 95
91 9 90
91 11 59
91 13 9
91 14 38
91 15 47
91 16 47
91 18 91
91 20 98
91 22 10
91 23 100
91 24 10
91 26 70
91 27 10
91 28 70
91 29 24
91 31 33
91 32 39
91 33 33
91 34 74
91 35 54
91 36 23
91 37 64
91 38 27
91 40 63
91 41 86
91 42 70
91 45 32
91 47 21
91 48 12
91 49 34
91 50 20
91 51 31
91 52 23
91 53 74
91 54 35
91 55 2
91 56 82
91 57 39
91 58 23
91 60 27
91 61 69
91 63 90
91 64 95
91 65 68
91 66 82
91 68 43
91 71 12
91 72 100
91 73 12
91 74 43
91 76 26
91 77 44
91 79 90
91 80 28
91 81 26
91 82 43
91 83 63
91 84 89
91 85 27
91 86 14
91 87 35
91 88 23
91 89 53
91 90 77
91 92 83
91 93 31
91 94 10
91 95 58
91 96 6
91 97 81
91 98 100
92 1 60
92 2 15
92 4 19
92 5 64
92 6 100
92 8 60
92 9 61
92 10 14
92 11 41
92 12 54
92 13 55
92 14 45
92 17 22
92 18 6
92 19 65
92 20 50
92 21 65
92 22 61
92 24 92
92 26 83
92 27 84
92 28 55
92 29 64
92 30 23
92 31 52
92 32 32
92 33 29
92 34 80
92 35 56
92 36 28
92 37 38
92 38 17
92 40 17
92 41 99
92 42 36
92 43 67
92 44 39
92 45 31
92 47 8
92 48 74
92 49 50
92 50 96
92 52 4
92 54 24
92 55 79
92 58 78
92 59 80
92 61 19
92 62 15
92 63 68
92 65 65
92 66 50
92 69 34
92 70 93
92 71 92
92 72 35
92 74 65
92 75 43
92 76 75
92 77 94
92 79 76
92 80 36
92 81 99
92 82 88
92 83 37
92 84 8
92 85 24
92 86 7
92 87 10
92 89 35
92 91 83
92 93 10
92 94 26
92 95 7
92 96 54
92 97 89
92 98 60
92 99 91
93 1 49
93 2 27
93 3 93
93 4 35
93 6 5
93 7 12
93 8 57
93 9 52
93 10 39
93 12 68
93 13 19
93 14 93
93 15 15
93 16 80
93 17 99
93 18 63
93 19 60
93 20 89
93 21 58
93 22 61
93 23 86
93 24 8
93 25 35
93 26 17
93 28 76
93 29 23
93 30 94
93 31 63
93 32 31
93 33 35
93 34 27
93 35 87
93 36 85
93 37 7
93 38 45
93 39 11
93 40 32
93 42 20
93 43 46
93 45 8
93 46 6
93 48 15
93 49 63
93 50 86
93 52 30
93 53 17
93 55 98
93 56 22
93 57 24
93 58 25
93 60 94
93 61 33
93 62 18
93 63 22
93 64 22
93 66 56
93 67 33
93 68 2
93 69 59
93 70 48
93 71 47
93 72 94
93 73 77
93 74 67
93 75 91
93 76 73
93 78 5
93 79 17
93 80 21
93 81 18
93 83 87
93 84 3
93 85 17
93 86 9
93 88 11
93 89 2
93 91 31
93 92 10
93 94 58
93 95 67
93 96 67
93 98 5
93 99 62
94 1 46
94 2 30
94 3 65
94 6 67
94 7 1
94 8 35
94 9 14
94 10 23
94 11 74
94 13 61
94 14 67
94 15 80
94 16 53
94 17 69
94 18 27
94 19 43
94 21 9
94 22 43
94 23 6
94 24 8
94 25 36
94 26 2
94 27 8
94 28 63
94 29 95
94 33 39
94 34 35
94 35 86
94 37 31
94 39 56
94 40 42
94 42 41
94 43 88
94 44 75
94 45 38
94 46 31
94 47 44
94 48 35
94 50 60
94 51 85
94 52 80
94 54 43
94 55 45
94 56 7
94 57 43
94 58 63
94 59 31
94 62 67
94 63 19
94 65 23
94 68 36
94 71 82
94 73 56
94 75 65
94 76 10
94 77 3
94 78 69
94 79 15
94 80 75
94 81 71
94 82 28
94 83 7
94 85 90
94 86 53
94 87 39
94 88 81
94 89 65
94 90 66
94 91 10
94 92 26
94 93 58
94 95 96
94 96 2
94 97 38
94 98 50
94 99 84
95 1 95
95 2 46
95 3 4
95 4 84
95 5 46
95 6 70
95 8 90
95 12 51
95 13 12
95 14 41
95 16 26
95 18 16
95 20 23
95 21 55
95 23 41
95 24 57
95 25 88
95 28 100
95 29 58
95 30 99
95 31 61
95 32 65
95 33 53
95 34 62
95 35 84
95 36 66
95 37 53
95 38 52
95 39 22
95 41 94
95 42 89
95 43 41
95 44 1
95 45 71
95 46 99
95 47 45
95 48 25
95 49 4
95 50 86
95 51 98
95 52 23
95 53 22
95 56 65
95 57 78
95 59 38
95 60 58
95 63 9
95 64 82
95 66 47
95 67 37
95 69 51
95 70 41
95 71 85
95 72 38
95 73 56
95 74 80
95 75 83
95 76 69
95 77 55
95 79 80
95 81 65
95 83 14
95 84 41
95 85 20
95 86 14
95 87 48
95 88 82
95 89 71
95 90 85
95 91 58
95 92 7
95 93 67
95 94 96
95 96 40
95 97 62
95 98 90
95 99 17
96 3 32
96 4 83
96 5 16
96 6 24
96 7 36
96 8 92
96 9 45
96 12 80
96 13 9
96 14 87
96 15 82
96 17 65
96 19 80
96 20 46
96 22 93
96 23 27
96 25 98
96 27 44
96 28 50
96 29 25
96 30 23
96 31 83
96 33 99
96 34 16
96 36 51
96 37 74
96 38 31
96 40 43
96 41 61
96 43 96
96 44 8
96 45 4
96 46 97
96 47 2
96 48 20
96 49 29
96 51 70
96 52 12
96 53 75
96 54 90
96 55 78
96 56 89
96 57 11
96 58 5
96 59 5
96 60 86
96 62 36
96 63 77
96 64 88
96 65 29
96 66 92
96 67 6
96 68 83
96 69 7
96 70 24
96 72 53
96 73 89
96 74 92
96 75 14
96 76 15
96 77 14
96 78 72
96 79 78
96 80 99
96 81 89
96 82 85
96 83 91
96 84 61
96 85 68
96 86 35
96 87 71
96 88 39
96 89 95
96 90 1
96 91 6
96 92 54
96 93 67
96 94 2
96 95 40
96 97 72
96 99 75
97 1 12
97 2 56
97 3 11
97 4 77
97 5 64
97 6 79
97 7 72
97 8 59
97 10 56
97 11 54
97 13 31
97 17 75
97 18 12
97 19 79
97 21 4
97 22 50
97 23 70
97 25 53
97 26 76
97 29 87
97 30 64
97 31 85
97 34 54
97 35 90
97 36 5
97 37 38
97 38 85
97 39 33
97 40 37
97 41 59
97 42 94
97 43 68
97 45 21
97 46 99
97 48 28
97 49 90
97 50 65
97 51 86
97 53 62
97 54 67
97 55 45
97 56 11
97 57 1
97 58 84
97 59 92
97 61 46
97 62 54
97 63 93
97 64 74
97 65 82
97 66 26
97 67 11
97 69 78
97 70 66
97 72 46
97 74 63
97 76 76
97 77 96
97 78 6
97 79 86
97 80 59
97 81 43
97 82 50
97 83 42
97 84 28
97 85 48
97 86 33
97 87 70
97 88 18
97 89 6
97 90 28
97 91 81
97 92 89
97 94 38
97 95 62
97 96 72
97 98 22
97 99 72
98 1 70
98 3 31
98 4 1
98 5 15
98 6 84
98 7 51
98 8 71
98 9 4
98 11 4
98 12 97
98 13 88
98 15 80
98 16 37
98 17 36
98 18 27
98 19 1
98 20 36
98 21 85
98 23 50
98 24 49
98 26 84
98 27 82
98 28 71
98 30 13
98 31 3
98 33 15
98 34 39
98 35 39
98 36 96
98 37 49
98 38 72
98 39 8
98 40 91
98 44 30
98 45 95
98 46 17
98 47 93
98 48 76
98 49 20
98 50 82
98 51 15
98 53 39
98 54 72
98 55 6
98 56 65
98 57 3
98 58 18
98 59 49
98 60 19
98 61 97
98 62 26
98 63 58
98 64 46
98 65 88
98 69 53
98 70 5
98 71 42
98 72 77
98 73 96
98 75 97
98 76 42
98 77 23
98 78 97
98 79 11
98 80 18
98 81 34
98 82 31
98 83 55
98 84 68
98 85 90
98 86 100
98 87 60
98 89 52
98 90 63
98 91 100
98 92 60
98 93 5
98 94 50
98 95 90
98 97 22
98 99 24
1 t 17
2 t 12
3 t 43
4 t 13
5 t 24
6 t 73
7 t 68
8 t 33
11 t 49
12 t 89
13 t 21
14 t 3
15 t 6
16 t 48
17 t 46
18 t 95
19 t 29
20 t 5
21 t 81
22 t 92
24 t 63
25 t 39
26 t 93
27 t 37
28 t 8
29 t 5
31 t 53
32 t 53
34 t 7
35 t 22
37 t 62
38 t 51
40 t 61
41 t 58
42 t 87
43 t 73
44 t 27
47 t 87
48 t 10
49 t 39
50 t 89
51 t 62
52 t 49
54 t 14
55 t 24
56 t 35
57 t 57
58 t 20
59 t 95
60 t 45
61 t 90
62 t 34
63 t 43
64 t 31
65 t 52
67 t 59
68 t 67
69 t 16
70 t 44
71 t 82
72 t 77
73 t 36
74 t 28
75 t 21
76 t 46
78 t 66
79 t 41
80 t 75
81 t 37
82 t 47
83 t 12
84 t 85
85 t 53
86 t 60
87 t 85
88 t 40
89 t 72
92 t 91
93 t 62
94 t 84
95 t 17
96 t 75
97 t 72
98 t 24
